Alessandria 8.6110 44.9074 406831 17.0 95.0
Ancona 13.5057 43.6087 100924 24.0 16.0
Ascoli_Piceno 13.5719 42.8540 48195 11.0 154.0
Asti 8.2064 44.9003 207785 21.0 123.0
Bergamo 9.6773 45.6983 120728 33.5 249.0
Biella 8.0538 45.5613 168707 18.5 420.0
Bologna 11.3426 44.4949 394463 86.4 54.0
Brescia 10.2118 45.5416 199724 56.0 149.0
Chieti 14.1620 42.3512 51316 14.3 330.0
Cremona 10.0227 45.1333 71414 12.2 45.0
Cuneo 7.5508 44.3842 582194 25.0 534.0
Fermo 13.7211 43.1583 37400 7.0 319.0
Ferrara 11.6196 44.8354 132009 33.0 9.0
Forlì 12.0404 44.2227 118358 40.0 34.0
Genova 8.9463 44.4056 562836 60.0 19.0
L_Aquila 13.3984 42.3498 69716 15.6 714.0
Lodi 9.5037 45.3145 45270 7.0 87.0
Macerata 13.4537 43.2997 41492 7.0 315.0
Mantova 10.7914 45.1564 49547 10.2 19.0
Milano 9.1900 45.4642 1370996 148.0 122.0
Modena 10.9252 44.6471 186307 40.7 34.0
Monza 9.2769 45.5845 123240 20.8 162.0
Novara 8.6234 45.4469 364046 22.2 162.0
Padova 11.8768 45.4064 209829 72.0 12.0
Parma 10.3279 44.8015 198292 38.2 57.0
Pavia 9.1525 45.1860 72867 15.0 77.0
Perugia 12.3888 43.1122 166676 60.0 493.0
Pesaro 12.9119 43.9125 94345 22.7 11.0
Pescara 14.2161 42.4618 119217 26.4 4.0
Piacenza 9.6929 45.0522 103936 27.8 61.0
Pordenone 12.6552 45.9569 51191 39.0 24.0
Ravenna 12.2035 44.4184 159057 18.5 6.0
Reggio_Emilia 10.6315 44.6983 171944 47.0 58.0
Rieti 12.8580 42.4041 47287 12.4 405.0
Rimini 12.5686 44.0678 150576 30.6 5.0
Rovigo 11.7895 45.0692 51232 12.6 5.0
Savona 8.4791 44.3084 58712 8.7 4.0
Teramo 13.6997 42.6589 53934 5.7 265.0
Torino 7.6869 45.0703 2203353 128.0 239.0
Treviso 12.2459 45.6665 84198 22.6 15.0
Trieste 13.7768 45.6495 204345 33.0 2.0
Udine 13.2354 46.0637 100514 44.2 113.0
Venezia 12.3155 45.4408 258685 170.0 1.0
Vercelli 8.4187 45.3229 165821 11.6 130.0
Verona 10.9916 45.4384 258031 45.0 59.0
Vicenza 11.5407 45.5455 111260 30.0 39.0
