Aosta 7.3139 45.7350 34082 8.0 583.0
Arezzo 11.8824 43.4633 99425 34.0 296.0
Avellino 14.7896 40.9174 52593 11.0 348.0
Belluno 12.2176 46.1392 35372 9.0 389.0
Benevento 14.7815 41.1306 57444 10.5 130.0
Campobasso 14.6664 41.5618 48462 9.4 701.0
Caserta 14.3332 41.0734 74954 62.0 68.0
Como 9.0852 45.8081 83651 30.0 201.0
Cosenza 16.2520 39.3003 67317 11.2 238.0
Firenze 11.2558 43.7696 372038 63.6 50.0
Frosinone 13.3426 41.6410 44847 21.3 291.0
Gorizia 13.6205 45.9411 34168 10.6 84.0
Grosseto 11.1107 42.7603 81270 12.0 10.0
Imperia 8.0269 43.8885 42446 15.8 10.0
Isernia 14.2331 41.5953 21189 3.0 423.0
La_Spezia 9.8376 44.1025 92838 17.5 10.0
Latina 12.9050 41.4676 126470 21.0 21.0
Lecco 9.3904 45.8566 47198 9.6 214.0
Livorno 10.3116 43.5485 156998 33.4 3.0
Lucca 10.5034 43.8442 89746 46.0 19.0
Massa 10.1208 44.0256 69096 34.4 65.0
Napoli 14.2681 40.8518 962589 106.0 17.0
Pisa 10.4017 43.7160 89608 23.7 4.0
Pistoia 10.9252 43.9335 90034 22.0 67.0
Potenza 15.8086 40.6401 67351 19.6 819.0
Prato 11.1022 43.8804 194590 48.0 65.0
Roma 12.4964 41.9028 2872800 320.0 21.0
Salerno 14.7872 40.6824 133970 11.0 4.0
Siena 11.3308 43.3188 53626 16.0 322.0
Sondrio 9.8713 46.1698 21784 4.0 307.0
Terni 12.6465 42.5636 111501 24.0 130.0
Trento 11.1217 46.0669 118902 6.6 194.0
Varese 8.8236 45.8206 80994 27.0 382.0
Verbania 8.5567 45.9299 153844 4.7 197.0
Viterbo 12.1077 42.4207 67432 8.6 326.0
