Alessandria 8.6110 44.9074 406831 17.0 95.0
Ancona 13.5057 43.6087 100924 24.0 16.0
Aosta 7.3139 45.7350 34082 8.0 583.0
Arezzo 11.8824 43.4633 99425 34.0 296.0
Ascoli_Piceno 13.5719 42.8540 48195 11.0 154.0
Asti 8.2064 44.9003 207785 21.0 123.0
Avellino 14.7896 40.9174 52593 11.0 348.0
Bari 16.8724 41.1136 317241 50.0 5.0
Barletta 16.2776 41.3117 94616 10.4 15.0
Belluno 12.2176 46.1392 35372 9.0 389.0
Benevento 14.7815 41.1306 57444 10.5 130.0
Bergamo 9.6773 45.6983 120728 33.5 249.0
Biella 8.0538 45.5613 168707 18.5 420.0
Bologna 11.3426 44.4949 394463 86.4 54.0
Brescia 10.2118 45.5416 199724 56.0 149.0
Brindisi 17.9371 40.6327 86927 13.5 15.0
Campobasso 14.6664 41.5618 48462 9.4 701.0
Caserta 14.3332 41.0734 74954 62.0 68.0
Chieti 14.1620 42.3512 51316 14.3 330.0
Como 9.0852 45.8081 83651 30.0 201.0
Cosenza 16.2520 39.3003 67317 11.2 238.0
Cremona 10.0227 45.1333 71414 12.2 45.0
Cuneo 7.5508 44.3842 582194 25.0 534.0
Fermo 13.7211 43.1583 37400 7.0 319.0
Ferrara 11.6196 44.8354 132009 33.0 9.0
Firenze 11.2558 43.7696 372038 63.6 50.0
Foggia 15.5574 41.4622 147036 15.0 76.0
Forlì 12.0404 44.2227 118358 40.0 34.0
Frosinone 13.3426 41.6410 44847 21.3 291.0
Genova 8.9463 44.4056 562836 60.0 19.0
Gorizia 13.6205 45.9411 34168 10.6 84.0
Grosseto 11.1107 42.7603 81270 12.0 10.0
Imperia 8.0269 43.8885 42446 15.8 10.0
Isernia 14.2331 41.5953 21189 3.0 423.0
L_Aquila 13.3984 42.3498 69716 15.6 714.0
La_Spezia 9.8376 44.1025 92838 17.5 10.0
Latina 12.9050 41.4676 126470 21.0 21.0
Lecce 18.1709 40.3515 94896 19.5 49.0
Lecco 9.3904 45.8566 47198 9.6 214.0
Livorno 10.3116 43.5485 156998 33.4 3.0
Lodi 9.5037 45.3145 45270 7.0 87.0
Lucca 10.5034 43.8442 89746 46.0 19.0
Macerata 13.4537 43.2997 41492 7.0 315.0
Mantova 10.7914 45.1564 49547 10.2 19.0
Massa 10.1208 44.0256 69096 34.4 65.0
Matera 16.6069 40.6672 60316 7.3 401.0
Milano 9.1900 45.4642 1370996 148.0 122.0
Modena 10.9252 44.6471 186307 40.7 34.0
Monza 9.2769 45.5845 123240 20.8 162.0
Napoli 14.2681 40.8518 962589 106.0 17.0
Novara 8.6234 45.4469 364046 22.2 162.0
Padova 11.8768 45.4064 209829 72.0 12.0
Parma 10.3279 44.8015 198292 38.2 57.0
Pavia 9.1525 45.1860 72867 15.0 77.0
Perugia 12.3888 43.1122 166676 60.0 493.0
Pesaro 12.9119 43.9125 94345 22.7 11.0
Pescara 14.2161 42.4618 119217 26.4 4.0
Piacenza 9.6929 45.0522 103936 27.8 61.0
Pisa 10.4017 43.7160 89608 23.7 4.0
Pistoia 10.9252 43.9335 90034 22.0 67.0
Pordenone 12.6552 45.9569 51191 39.0 24.0
Potenza 15.8086 40.6401 67351 19.6 819.0
Prato 11.1022 43.8804 194590 48.0 65.0
Ravenna 12.2035 44.4184 159057 18.5 6.0
Reggio_Emilia 10.6315 44.6983 171944 47.0 58.0
Rieti 12.8580 42.4041 47287 12.4 405.0
Rimini 12.5686 44.0678 150576 30.6 5.0
Roma 12.4964 41.9028 2872800 320.0 21.0
Rovigo 11.7895 45.0692 51232 12.6 5.0
Salerno 14.7872 40.6824 133970 11.0 4.0
Savona 8.4791 44.3084 58712 8.7 4.0
Siena 11.3308 43.3188 53626 16.0 322.0
Sondrio 9.8713 46.1698 21784 4.0 307.0
Taranto 17.2665 40.4596 196702 7.4 15.0
Teramo 13.6997 42.6589 53934 5.7 265.0
Terni 12.6465 42.5636 111501 24.0 130.0
Torino 7.6869 45.0703 2203353 128.0 239.0
Trento 11.1217 46.0669 118902 6.6 194.0
Treviso 12.2459 45.6665 84198 22.6 15.0
Trieste 13.7768 45.6495 204345 33.0 2.0
Udine 13.2354 46.0637 100514 44.2 113.0
Varese 8.8236 45.8206 80994 27.0 382.0
Venezia 12.3155 45.4408 258685 170.0 1.0
Verbania 8.5567 45.9299 153844 4.7 197.0
Vercelli 8.4187 45.3229 165821 11.6 130.0
Verona 10.9916 45.4384 258031 45.0 59.0
Vicenza 11.5407 45.5455 111260 30.0 39.0
Viterbo 12.1077 42.4207 67432 8.6 326.0
