   8.9257530e+00   4.5813740e+01
   9.3975530e+00   4.5784830e+01
   9.9390610e+00   4.5656710e+01
   1.0449604e+01   4.5557770e+01
   1.0936878e+01   4.5523030e+01
   1.1246188e+01   4.5569912e+01
   1.1640434e+01   4.5751110e+01
   1.2065598e+01   4.5949840e+01
   1.2413446e+01   4.6125175e+01
   1.2730394e+01   4.6265465e+01
   1.2939211e+01   4.6265587e+01
   1.3210037e+01   4.6131477e+01
   1.3566097e+01   4.5839798e+01
   1.4301343e+01   4.5332348e+01
   1.4944110e+01   4.4503765e+01
   1.5223010e+01   4.4036910e+01
   1.5857744e+01   4.3500214e+01
   1.6623860e+01   4.3056995e+01
   1.7459467e+01   4.2724730e+01
   1.8022990e+01   4.2689940e+01
   1.4953830e+01   4.1560488e+01
   1.4065299e+01   4.1712826e+01
   1.3593367e+01   4.1870170e+01
   1.3330322e+01   4.1957580e+01
   1.3090433e+01   4.2091710e+01
   1.2834973e+01   4.2325070e+01
   1.1998499e+01   4.3503800e+01
   1.1719837e+01   4.3737144e+01
   1.1263308e+01   4.3958710e+01
   1.0536100e+01   4.4168446e+01
   9.8012200e+00   4.4319794e+01
   8.9272960e+00   4.4307610e+01
   8.3859620e+00   4.4266430e+01
   7.8755870e+00   4.4201916e+01
   7.5352874e+00   4.4207558e+01
   7.3418130e+00   4.4330036e+01
   7.2719440e+00   4.4586853e+01
   7.2871070e+00   4.4884586e+01
   7.4028172e+00   4.5176540e+01
   7.7582855e+00   4.5462795e+01
   8.1215780e+00   4.5661488e+01
   8.5777610e+00   4.5778510e+01
   8.9257530e+00   4.5813740e+01
