   1.0000000e+00             NaN   1.6899100e+01   4.1095900e+01   6.4445688e-04   6.4441119e-04   6.4856309e-05   6.1601429e-05  -3.0575167e-04  -3.1059054e-04   1.3616090e-03   1.9206737e-04   4.3143032e-11   1.1902962e-09
   2.0000000e+00             NaN   1.6876100e+01   4.1093900e+01   6.4421921e-04   6.4517451e-04   6.4808222e-05   6.1680187e-05  -3.6367253e-04  -2.5865094e-04   5.1531733e-04   3.2319069e-04   6.9688043e-11   4.9138908e-10
   3.0000000e+00             NaN   1.6898800e+01   4.1099200e+01   6.4456719e-04   6.4442103e-04   6.4936096e-05   6.1602232e-05  -3.1956696e-04  -3.1541397e-04   1.9279093e-04   1.2604857e-03   4.4228682e-11  -1.7617596e-09
   4.0000000e+00             NaN   1.6896000e+01   4.1094700e+01   6.4439314e-04   6.4451412e-04   6.4827524e-05   6.1610129e-05  -2.1623680e-04  -3.4064977e-04   1.0328927e-03   3.4569953e-04   4.6529022e-11   6.6123204e-09
   5.0000000e+00             NaN   1.6882700e+01   4.1110700e+01   6.4484061e-04   6.4495487e-04   6.5221927e-05   6.1654165e-05  -2.1883399e-04  -3.6001726e-04   1.3340984e-03   4.3500355e-04   6.7033808e-11   1.2613203e-09
   6.0000000e+00             NaN   1.6879100e+01   4.1124500e+01   6.4528449e-04   6.4507382e-04   6.5581170e-05   6.1667941e-05  -2.2455866e-04  -1.7780631e-04   9.1113363e-04   9.5802545e-04   7.5995126e-11  -1.9912805e-08
   7.0000000e+00             NaN   1.6880000e+01   4.1099200e+01   6.4442865e-04   6.4504490e-04   6.4935912e-05   6.1664500e-05  -2.4279163e-04  -2.4738353e-04   4.8754396e-04   1.1635119e-04   6.6790494e-11  -3.6925861e-10
   8.0000000e+00             NaN   1.6858700e+01   4.1087500e+01   6.4387268e-04   6.4575209e-04   6.4657375e-05   6.1761599e-05  -1.8722420e-04  -3.1220303e-04   1.0966100e-03   3.2415318e-04   8.7383400e-11   3.4036799e-09
   9.0000000e+00             NaN   1.6828000e+01   4.1125800e+01   6.4495135e-04   6.4676915e-04   6.5614928e-05   6.1950628e-05  -3.7209771e-04  -2.2854683e-04   6.8484647e-04   1.6242303e-04   1.4460104e-10  -5.5819085e-10
   1.0000000e+01             NaN   1.6868600e+01   4.1080400e+01   6.4370364e-04   6.4542388e-04   6.4494985e-05   6.1713018e-05  -2.9705610e-04  -3.4127568e-04   1.0757631e-04   1.3646876e-03   7.3433604e-11  -2.0896980e-09
   1.1000000e+01             NaN   1.6897000e+01   4.1120500e+01   6.4528011e-04   6.4447996e-04   6.5475433e-05   6.1607166e-05  -2.4343632e-04  -2.0528847e-04   3.9803968e-04   7.0233130e-04   5.1298835e-11  -5.3460041e-09
   1.2000000e+01             NaN   1.6882400e+01   4.1100000e+01   6.4447362e-04   6.4496523e-04   6.4955435e-05   6.1655325e-05  -3.0380894e-04  -1.9993414e-04   9.4714489e-05   5.9117042e-04   6.4153946e-11   1.3646281e-11
   1.3000000e+01             NaN   1.6879500e+01   4.1079700e+01   6.4376013e-04   6.4506222e-04   6.4479350e-05   6.1666526e-05  -2.4088200e-04  -2.8800962e-04   3.5300136e-04   4.7672315e-04   6.1167933e-11  -6.7651242e-11
   1.4000000e+01             NaN   1.6892700e+01   4.1103500e+01   6.4466886e-04   6.4462330e-04   6.5041539e-05   6.1620012e-05  -3.3965624e-04  -3.4488729e-04   2.0051387e-04   8.3425376e-04   5.2634340e-11  -1.0796758e-09
   1.5000000e+01             NaN   1.6883700e+01   4.1085500e+01   6.4398884e-04   6.4492263e-04   6.4611428e-05   6.1650558e-05  -1.8599289e-04  -2.2339335e-04   2.1528878e-04   5.8576060e-04   5.8269886e-11   5.8230821e-10
   1.6000000e+01             NaN   1.6884100e+01   4.1130300e+01   6.4551907e-04   6.4490768e-04   6.5737421e-05   6.1648936e-05  -1.8810948e-04  -3.8388154e-04   8.0924330e-04   6.2826204e-04   7.1070254e-11   6.5385270e-09
   1.7000000e+01             NaN   1.6855700e+01   4.1117500e+01   6.4487318e-04   6.4585050e-04   6.5396379e-05   6.1777417e-05  -2.5715513e-04  -3.6118997e-04   1.5469523e-04   1.0729088e-03   1.0399298e-10  -2.4228583e-09
   1.8000000e+01             NaN   1.6885600e+01   4.1116000e+01   6.4504267e-04   6.4485844e-04   6.5357884e-05   6.1643594e-05  -2.9997836e-04  -3.3504875e-04   1.0676573e-03   1.9052177e-04   6.4912386e-11   9.9128343e-10
   1.9000000e+01             NaN   1.6898600e+01   4.1126700e+01   6.4550326e-04   6.4442663e-04   6.5640271e-05   6.1602681e-05  -3.3402096e-04  -2.8581275e-04   7.2836514e-04   1.0987177e-04   5.0585003e-11  -4.0447190e-10
   2.0000000e+01             NaN   1.6892700e+01   4.1100300e+01   6.4455976e-04   6.4462342e-04   6.4962867e-05   6.1620023e-05  -2.4456645e-04  -3.5218010e-04   1.1364477e-03   7.3080747e-05   5.1827044e-11  -2.1205574e-10
   2.1000000e+01             NaN   1.6294700e+01   4.1312400e+01   6.4729506e-04   6.6442573e-04   7.1991812e-05   7.3487352e-05   8.4308433e-04   7.9664198e-04   3.2555435e-04   4.0021729e-04   1.4625280e-09  -8.1226221e-10
   2.2000000e+01             NaN   1.6269800e+01   4.1322600e+01   6.4745142e-04   6.6524862e-04   7.2412941e-05   7.4342175e-05   7.3852742e-04   8.4954771e-04   3.1436602e-04   1.3438500e-03   1.5533046e-09  -7.6716785e-09
   2.3000000e+01             NaN   1.6285600e+01   4.1314400e+01   6.4729356e-04   6.6472655e-04   7.2072863e-05   7.3797170e-05   7.4924130e-04   7.8475223e-04   1.0290717e-03   2.4249380e-04   1.4896660e-09  -7.4038772e-10
   2.4000000e+01             NaN   1.6277300e+01   4.1297200e+01   6.4664607e-04   6.6500164e-04   7.1364566e-05   7.4082448e-05   7.5080931e-04   7.8292889e-04   3.8280115e-04   8.2354887e-04   1.4505081e-09   2.1305215e-09
   2.5000000e+01             NaN   1.6269700e+01   4.1303400e+01   6.4679863e-04   6.6525267e-04   7.1614993e-05   7.4345736e-05   8.0110038e-04   6.6732536e-04   1.0267199e-03   6.3318710e-04   1.4881395e-09   6.3989574e-09
   2.6000000e+01             NaN   1.6284300e+01   4.1297400e+01   6.4670627e-04   6.6477019e-04   7.1374285e-05   7.3841749e-05   7.1212775e-04   7.4148722e-04   7.6636811e-04   5.8237534e-04   1.4359596e-09  -2.0572456e-10
   2.7000000e+01             NaN   1.6298000e+01   4.1310200e+01   6.4724550e-04   6.6431670e-04   7.1901379e-05   7.3375755e-05   7.2439068e-04   6.7559057e-04   7.9927200e-04   5.0204066e-04   1.4479188e-09  -2.3193087e-09
   2.8000000e+01             NaN   1.6291700e+01   4.1305700e+01   6.4704462e-04   6.6452519e-04   7.1714420e-05   7.3589187e-05   7.2238146e-04   7.8841597e-04   5.9773255e-04   1.2306172e-03   1.4472086e-09  -1.6466080e-09
   2.9000000e+01             NaN   1.6295400e+01   4.1314400e+01   6.4736832e-04   6.6440251e-04   7.2075171e-05   7.3463636e-05   8.3017502e-04   8.5382576e-04   8.6880557e-04   1.1922703e-03   1.4675036e-09  -1.1055484e-08
   3.0000000e+01             NaN   1.6299200e+01   4.1313900e+01   6.4738032e-04   6.6427688e-04   7.2055231e-05   7.3335255e-05   7.3032138e-04   6.5661715e-04   1.0865466e-03   7.5010576e-05   1.4572794e-09  -2.0831967e-09
   3.1000000e+01             NaN   1.6285700e+01   4.1305400e+01   6.4698866e-04   6.6472359e-04   7.1700709e-05   7.3793787e-05   8.2030312e-04   7.0779366e-04   1.1203885e-03   7.5465727e-05   1.4595148e-09  -6.0482203e-10
   3.2000000e+01             NaN   1.6259500e+01   4.1314200e+01   6.4708749e-04   6.6558946e-04   7.2058218e-05   7.4702296e-05   8.1543655e-04   7.2829033e-04   1.0971049e-03   4.2322783e-04   1.5479577e-09  -3.0334503e-09
   3.3000000e+01             NaN   1.6275900e+01   4.1301500e+01   6.4678143e-04   6.6504776e-04   7.1538884e-05   7.4130780e-05   6.7482536e-04   7.8585485e-04   4.3508066e-04   2.5384479e-04   1.4680615e-09   8.5834286e-10
   3.4000000e+01             NaN   1.6291600e+01   4.1320500e+01   6.4754651e-04   6.6452792e-04   7.2329706e-05   7.3592523e-05   6.8407891e-04   8.0896200e-04   3.9051421e-04   3.8767757e-04   1.4961986e-09   1.4265364e-10
   3.5000000e+01             NaN   1.6263900e+01   4.1302300e+01   6.4671699e-04   6.6544446e-04   7.1568663e-05   7.4548069e-05   7.4129451e-04   6.9443245e-04   9.8735108e-04   7.9375645e-04   1.4971421e-09   3.2825079e-09
   3.6000000e+01             NaN   1.6274500e+01   4.1311900e+01   6.4712394e-04   6.6509364e-04   7.1966276e-05   7.4179156e-05   8.1328940e-04   7.6374125e-04   1.3007674e-03   5.3372396e-04   1.5063040e-09  -4.9453484e-09
   3.7000000e+01             NaN   1.6282500e+01   4.1299700e+01   6.4677066e-04   6.6482961e-04   7.1467161e-05   7.3903465e-05   7.0940556e-04   6.8852687e-04   1.1378825e-03   1.6533173e-04   1.4475590e-09   2.5024508e-11
   3.8000000e+01             NaN   1.6266300e+01   4.1304900e+01   6.4682361e-04   6.6536501e-04   7.1675601e-05   7.4464192e-05   6.5879855e-04   6.4732973e-04   7.5097090e-04   8.3236297e-04   1.5007673e-09  -8.6956762e-09
   3.9000000e+01             NaN   1.6265100e+01   4.1319900e+01   6.4732383e-04   6.6540411e-04   7.2298054e-05   7.4506034e-05   8.0332423e-04   7.9903979e-04   2.4088959e-04   1.0469322e-03   1.5548600e-09  -3.9356317e-11
   4.0000000e+01             NaN   1.6287800e+01   4.1316000e+01   6.4736469e-04   6.6465374e-04   7.2140133e-05   7.3721983e-05   6.8925576e-04   6.6611348e-04   1.0318802e-03   4.1783005e-04   1.4899945e-09  -7.4995654e-09
   4.1000000e+01             NaN   1.7944300e+01   4.0642700e+01   6.3640783e-04   6.0963607e-04   6.4625154e-05   8.7436605e-05   1.3903516e-03   1.2603525e-03   3.7978141e-04   4.4500514e-04   1.1263308e-09   4.6528559e-10
   4.2000000e+01             NaN   1.7941200e+01   4.0639900e+01   6.3629029e-04   6.0973967e-04   6.4689590e-05   8.7300219e-05   1.4095990e-03   1.3913021e-03   3.8785498e-04   5.5926066e-04   1.1368398e-09   1.4345845e-09
   4.3000000e+01             NaN   1.7944400e+01   4.0636600e+01   6.3619908e-04   6.0963295e-04   6.4767850e-05   8.7441039e-05   1.3022627e-03   1.2464938e-03   6.4881367e-05   8.4602453e-04   1.1573837e-09  -2.9100188e-10
   4.4000000e+01             NaN   1.7929200e+01   4.0621600e+01   6.3557911e-04   6.1014094e-04   6.5130332e-05   8.6774301e-05   1.2705817e-03   1.3976184e-03   1.1706185e-04   6.0568174e-04   1.2139685e-09   1.1139501e-09
   4.5000000e+01             NaN   1.7936900e+01   4.0614900e+01   6.3540222e-04   6.0988411e-04   6.5302036e-05   8.7111494e-05   1.2143206e-03   1.3269275e-03   1.1606692e-03   6.8922294e-04   1.2575596e-09  -2.1908723e-09
   4.6000000e+01             NaN   1.7950000e+01   4.0638800e+01   6.3631327e-04   6.0944590e-04   6.4717114e-05   8.7687970e-05   1.2899896e-03   1.3937395e-03   4.3691182e-04   7.9050034e-04   1.1529258e-09   1.6820771e-09
   4.7000000e+01             NaN   1.7958400e+01   4.0641000e+01   6.3644676e-04   6.0916535e-04   6.4667386e-05   8.8059637e-05   1.2605421e-03   1.4045595e-03   1.2711041e-03   3.3901624e-04   1.1516693e-09   9.6123554e-10
   4.8000000e+01             NaN   1.7958100e+01   4.0641400e+01   6.3645842e-04   6.0917535e-04   6.4658024e-05   8.8046335e-05   1.2617461e-03   1.3747088e-03   7.7184889e-04   3.7799069e-04   1.1492571e-09  -4.4076310e-09
   4.9000000e+01             NaN   1.7954200e+01   4.0619500e+01   6.3567954e-04   6.0930635e-04   6.5188565e-05   8.7873718e-05   1.3337927e-03   1.3584706e-03   9.8589895e-04   9.3646598e-04   1.2567873e-09  -3.2859124e-09
   5.0000000e+01             NaN   1.7953400e+01   4.0628300e+01   6.3597620e-04   6.0933275e-04   6.4969503e-05   8.7838282e-05   1.3259834e-03   1.3488256e-03   7.6308650e-04   1.9278227e-04   1.2107227e-09  -5.7915758e-10
   5.1000000e+01             NaN   1.7938800e+01   4.0629800e+01   6.3592695e-04   6.0982015e-04   6.4929873e-05   8.7194815e-05   1.2284571e-03   1.3044747e-03   8.5774068e-04   1.0859002e-04   1.1849190e-09   1.4094854e-10
   5.2000000e+01             NaN   1.7922200e+01   4.0645700e+01   6.3635815e-04   6.1037378e-04   6.4552022e-05   8.6468818e-05   1.3483188e-03   1.2773438e-03   4.6285684e-04   1.2832446e-03   1.0854924e-09  -5.3553978e-09
   5.3000000e+01             NaN   1.7938000e+01   4.0632100e+01   6.3600039e-04   6.0984678e-04   6.4874039e-05   8.7159679e-05   1.2937668e-03   1.3182184e-03   6.0279888e-04   7.0666333e-04   1.1723368e-09  -1.2205298e-08
   5.4000000e+01             NaN   1.7946900e+01   4.0647100e+01   6.3657684e-04   6.0954911e-04   6.4524936e-05   8.7551144e-05   1.3304197e-03   1.3168249e-03   3.4555335e-04   4.5701826e-04   1.1070195e-09  -1.2171072e-09
   5.5000000e+01             NaN   1.7925800e+01   4.0628500e+01   6.3579253e-04   6.1025421e-04   6.4958876e-05   8.6625811e-05   1.2718976e-03   1.2752337e-03   7.4038584e-04   1.2167134e-03   1.1752710e-09   1.8298837e-09
   5.6000000e+01             NaN   1.7930500e+01   4.0649500e+01   6.3654597e-04   6.1009656e-04   6.4467642e-05   8.6830992e-05   1.2744991e-03   1.3114285e-03   6.2702994e-04   2.7035130e-04   1.0761053e-09   1.5410320e-10
   5.7000000e+01             NaN   1.7938300e+01   4.0620100e+01   6.3559044e-04   6.0983719e-04   6.5169978e-05   8.7172909e-05   1.3250981e-03   1.2546343e-03   9.3474727e-04   1.1333646e-03   1.2331914e-09   5.6145780e-09
   5.8000000e+01             NaN   1.7947800e+01   4.0640200e+01   6.3634615e-04   6.0951930e-04   6.4683902e-05   8.7590869e-05   1.3160633e-03   1.4112819e-03   6.6055649e-04   1.0463687e-04   1.1431696e-09  -5.6670499e-10
   5.9000000e+01             NaN   1.7917000e+01   4.0635800e+01   6.3598234e-04   6.1054772e-04   6.4781340e-05   8.6242740e-05   1.3201246e-03   1.2231186e-03   1.5599305e-04   1.3352169e-03   1.1283057e-09  -2.1406523e-09
   6.0000000e+01             NaN   1.7955800e+01   4.0622700e+01   6.3580046e-04   6.0925281e-04   6.5108481e-05   8.7944525e-05   1.3619869e-03   1.2862731e-03   1.4298985e-04   1.1172686e-03   1.2424463e-09  -6.1459990e-09
   6.1000000e+01             NaN   1.5551500e+01   4.1448300e+01   6.4612686e-04   6.8894489e-04   7.7894600e-05   1.0593997e-04  -3.0222124e-04  -3.5690253e-04   2.5668664e-04   7.5327844e-04   4.0599532e-09  -1.9136746e-09
   6.2000000e+01             NaN   1.5562300e+01   4.1461800e+01   6.4666908e-04   6.8858888e-04   7.8573551e-05   1.0539575e-04  -2.4335398e-04  -3.2134919e-04   2.2705072e-04   4.7305531e-04   4.1235923e-09   2.8526542e-09
   6.3000000e+01             NaN   1.5551000e+01   4.1457200e+01   6.4642391e-04   6.8896099e-04   7.8336489e-05   1.0596514e-04  -2.0076261e-04  -4.4169366e-04   8.6361584e-04   1.1514308e-03   4.1240527e-09  -5.7722731e-09
   6.4000000e+01             NaN   1.5556200e+01   4.1475400e+01   6.4708067e-04   6.8878911e-04   7.9257012e-05   1.0570283e-04  -3.1339654e-04  -3.8545034e-04   8.5176024e-04   6.4218855e-04   4.2367553e-09  -5.8079942e-09
   6.5000000e+01             NaN   1.5550200e+01   4.1468500e+01   6.4679972e-04   6.8898687e-04   7.8903502e-05   1.0600544e-04  -3.5724380e-04  -3.0545587e-04   7.4559842e-04   1.6120321e-04   4.2059878e-09  -7.8905877e-10
   6.6000000e+01             NaN   1.5545800e+01   4.1470800e+01   6.4684260e-04   6.8913159e-04   7.9017119e-05   1.0622759e-04  -2.9674661e-04  -3.4900039e-04   1.3685696e-04   6.5543544e-04   4.2351825e-09  -2.9409817e-10
   6.7000000e+01             NaN   1.5545500e+01   4.1462400e+01   6.4655614e-04   6.8914180e-04   7.8593446e-05   1.0624280e-04  -3.1326567e-04  -2.9011952e-04   2.1911672e-04   9.0254603e-04   4.1766753e-09  -4.1152489e-09
   6.8000000e+01             NaN   1.5542900e+01   4.1458100e+01   6.4639009e-04   6.8922754e-04   7.8376513e-05   1.0637422e-04  -2.7040763e-04  -3.9399338e-04   1.1971126e-04   6.7051268e-04   4.1537773e-09   2.5462927e-09
   6.9000000e+01             NaN   1.5535400e+01   4.1454400e+01   6.4620544e-04   6.8947451e-04   7.8187437e-05   1.0675374e-04  -2.0478637e-04  -3.0412300e-04   3.7421106e-04   4.3756642e-04   4.1490702e-09   1.0099198e-09
   7.0000000e+01             NaN   1.5554600e+01   4.1446000e+01   6.4607364e-04   6.8884295e-04   7.7782874e-05   1.0578365e-04  -3.2607281e-04  -2.4187517e-04   9.0715846e-05   8.5899899e-04   4.0349967e-09  -1.8317132e-09
   7.1000000e+01             NaN   1.5567100e+01   4.1447300e+01   6.4621668e-04   6.8843146e-04   7.7854480e-05   1.0515446e-04  -3.3993093e-04  -3.4272391e-04   1.9110291e-04   9.0942444e-04   4.0086895e-09  -3.1574822e-10
   7.2000000e+01             NaN   1.5552900e+01   4.1461500e+01   6.4658440e-04   6.8889828e-04   7.8552804e-05   1.0586927e-04  -3.6743418e-04  -2.6317802e-04   7.9925279e-04   2.2445259e-04   4.1488164e-09  -1.4568349e-09
   7.3000000e+01             NaN   1.5574400e+01   4.1454200e+01   6.4650791e-04   6.8819090e-04   7.8200981e-05   1.0478788e-04  -2.5826678e-04  -3.7484793e-04   5.8775142e-04   7.0122386e-04   4.0357580e-09  -3.2569211e-09
   7.4000000e+01             NaN   1.5569000e+01   4.1474000e+01   6.4713482e-04   6.8836785e-04   7.9193665e-05   1.0505883e-04  -2.4042417e-04  -2.8019108e-04   6.1285887e-04   2.6746880e-04   4.1889099e-09  -1.0532623e-10
   7.5000000e+01             NaN   1.5557300e+01   4.1481500e+01   6.4729568e-04   6.8875266e-04   7.9569010e-05   1.0564737e-04  -3.0663092e-04  -3.3763075e-04   6.3476054e-04   1.8439693e-04   4.2762473e-09   1.4776932e-09
   7.6000000e+01             NaN   1.5533200e+01   4.1457100e+01   6.4627929e-04   6.8954680e-04   7.8320642e-05   1.0686517e-04  -1.8749729e-04  -3.2630171e-04   1.3765673e-04   1.3947952e-03   4.1746340e-09  -1.3651933e-08
   7.7000000e+01             NaN   1.5554700e+01   4.1445200e+01   6.4604737e-04   6.8883969e-04   7.7743494e-05   1.0577861e-04  -3.0545644e-04  -3.1422566e-04   6.6728921e-04   2.8180087e-04   4.0290947e-09   3.8898975e-10
   7.8000000e+01             NaN   1.5564100e+01   4.1470400e+01   6.4697422e-04   6.8852929e-04   7.9008087e-05   1.0530515e-04  -3.3599947e-04  -3.8872582e-04   1.0805717e-03   8.8047894e-04   4.1783537e-09  -5.4468170e-09
   7.9000000e+01             NaN   1.5545700e+01   4.1476200e+01   6.4702441e-04   6.8913466e-04   7.9291238e-05   1.0623261e-04  -2.7553038e-04  -2.3204249e-04   5.5222612e-04   1.2804498e-03   4.2736530e-09  -1.0871087e-08
   8.0000000e+01             NaN   1.5559600e+01   4.1454400e+01   6.4639740e-04   6.8867804e-04   7.8202096e-05   1.0553169e-04  -3.6844625e-04  -3.3887544e-04   9.6288241e-04   1.1061308e-04   4.0796510e-09  -3.2474896e-09
   8.1000000e+01             NaN   1.8146500e+01   4.0347200e+01   6.2763731e-04   6.0289490e-04   7.5193593e-05   9.6745226e-05  -7.6876084e-04  -8.5054212e-04   7.5222411e-05   9.0504700e-04   3.1677745e-09  -1.5097624e-09
   8.2000000e+01             NaN   1.8170700e+01   4.0345200e+01   6.2773257e-04   6.0208602e-04   7.5297776e-05   9.7907303e-05  -7.8562789e-04  -8.3981826e-04   1.3458726e-03   6.0251417e-04   3.2455999e-09  -2.0584258e-08
   8.3000000e+01             NaN   1.8157900e+01   4.0345200e+01   6.2764580e-04   6.0251391e-04   7.5291598e-05   9.7291506e-05  -8.3265157e-04  -8.1027155e-04   1.2126431e-03   1.0821920e-04   3.2108710e-09  -5.2462230e-09
   8.4000000e+01             NaN   1.8155200e+01   4.0370000e+01   6.2848103e-04   6.0260330e-04   7.4159680e-05   9.7161800e-05  -8.4548561e-04  -7.6346233e-04   6.9322062e-04   2.6272426e-04   3.0513289e-09   2.1901838e-09
   8.5000000e+01             NaN   1.8176000e+01   4.0331200e+01   6.2728656e-04   6.0190932e-04   7.5955191e-05   9.8163107e-05  -9.1130051e-04  -7.0655000e-04   3.0272874e-04   6.2602489e-04   3.3473909e-09   2.9529770e-09
   8.6000000e+01             NaN   1.8143100e+01   4.0354900e+01   6.2787924e-04   6.0300827e-04   7.4837902e-05   9.6582663e-05  -8.3076809e-04  -7.9647263e-04   1.1041830e-03   4.3879424e-04   3.1118040e-09  -2.9274903e-09
   8.7000000e+01             NaN   1.8198100e+01   4.0359600e+01   6.2841381e-04   6.0116947e-04   7.4649737e-05   9.9233882e-05  -7.3703077e-04  -8.4282876e-04   3.7825086e-04   4.5962183e-04   3.2285180e-09  -2.0653833e-09
   8.8000000e+01             NaN   1.8193500e+01   4.0345900e+01   6.2791108e-04   6.0132375e-04   7.5276499e-05   9.9010444e-05  -8.7256860e-04  -8.4431547e-04   3.0714880e-04   1.3276168e-03   3.3030931e-09  -5.4434950e-09
   8.9000000e+01             NaN   1.8186400e+01   4.0350000e+01   6.2800415e-04   6.0156098e-04   7.5083586e-05   9.8666050e-05  -7.4244486e-04  -8.4208412e-04   4.1485207e-04   7.7007184e-04   3.2580130e-09  -1.3280473e-09
   9.0000000e+01             NaN   1.8173800e+01   4.0336600e+01   6.2745755e-04   6.0198268e-04   7.5700154e-05   9.8056874e-05  -8.4581468e-04  -8.9005943e-04   5.8737602e-04   9.8507655e-04   3.3076097e-09   2.4667301e-09
   9.1000000e+01             NaN   1.8170400e+01   4.0357600e+01   6.2815735e-04   6.0209562e-04   7.4727481e-05   9.7892771e-05  -8.2984025e-04  -8.1285741e-04   1.2330689e-04   9.3866355e-04   3.1677223e-09  -2.6771126e-09
   9.2000000e+01             NaN   1.8179000e+01   4.0366900e+01   6.2853573e-04   6.0180779e-04   7.4310118e-05   9.8307845e-05  -7.8309670e-04  -6.9642217e-04   5.2925237e-04   6.9126640e-04   3.1323281e-09  -8.0843827e-09
   9.3000000e+01             NaN   1.8179100e+01   4.0359600e+01   6.2828515e-04   6.0180470e-04   7.4640556e-05   9.8312720e-05  -8.7064202e-04  -8.7888790e-04   4.8537445e-04   9.1164176e-04   3.1782780e-09  -6.9429807e-09
   9.4000000e+01             NaN   1.8190300e+01   4.0344600e+01   6.2784467e-04   6.0143078e-04   7.5335194e-05   9.8855148e-05  -7.3311508e-04  -7.8319867e-04   6.9019343e-04   8.5384784e-04   3.3026182e-09  -7.8146511e-09
   9.5000000e+01             NaN   1.8143700e+01   4.0352600e+01   6.2780416e-04   6.0298830e-04   7.4943571e-05   9.6611343e-05  -8.6034833e-04  -8.3258990e-04   1.8298669e-04   6.3370019e-04   3.1273839e-09  -8.2298121e-10
   9.6000000e+01             NaN   1.8154500e+01   4.0342800e+01   6.2754014e-04   6.0262764e-04   7.5401368e-05   9.7128381e-05  -8.4828110e-04  -7.6488384e-04   8.1701130e-04   1.0019074e-03   3.2163729e-09  -2.1356540e-09
   9.7000000e+01             NaN   1.8177900e+01   4.0343300e+01   6.2771595e-04   6.0184538e-04   7.5389470e-05   9.8254818e-05  -8.2214310e-04  -6.5279216e-04   7.6442999e-04   1.7576526e-04   3.2770265e-09  -2.0828834e-09
   9.8000000e+01             NaN   1.8177300e+01   4.0356200e+01   6.2815592e-04   6.0186499e-04   7.4794693e-05   9.8225756e-05  -8.1456699e-04  -7.3069242e-04   7.0096132e-04   2.2727475e-04   3.1947704e-09  -5.1780861e-10
   9.9000000e+01             NaN   1.8156700e+01   4.0360900e+01   6.2817802e-04   6.0255347e-04   7.4570856e-05   9.7233818e-05  -6.9774366e-04  -6.2579541e-04   1.2062167e-03   3.0335003e-04   3.1111325e-09  -7.8349282e-09
   1.0000000e+02             NaN   1.8178500e+01   4.0360400e+01   6.2830862e-04   6.0182473e-04   7.4603901e-05   9.8283716e-05  -7.9921672e-04  -6.5154980e-04   9.6470216e-04   1.1714018e-04   3.1716878e-09  -4.0470299e-09
   1.0100000e+02             NaN   1.6614800e+01   4.0655400e+01   6.2736819e-04   6.5389557e-04   6.4261482e-05   6.4815309e-05  -6.3502546e-04  -8.5935381e-04   3.5431093e-04   4.2929398e-04  -3.5202267e-10   2.1257972e-09
   1.0200000e+02             NaN   1.6617000e+01   4.0669700e+01   6.2787266e-04   6.5382213e-04   6.3963583e-05   6.4772622e-05  -8.1599890e-04  -6.8621945e-04   2.6760041e-04   6.1178011e-04  -3.2613536e-10  -4.0568176e-10
   1.0300000e+02             NaN   1.6598300e+01   4.0674900e+01   6.2791156e-04   6.5444151e-04   6.3861340e-05   6.5143198e-05  -7.8581335e-04  -7.5440848e-04   1.1372407e-03   9.2674075e-04  -3.3542602e-10   3.8128189e-10
   1.0400000e+02             NaN   1.6590300e+01   4.0665500e+01   6.2753137e-04   6.5470690e-04   6.4050610e-05   6.5307422e-05  -8.2417884e-04  -8.7408737e-04   1.4767052e-04   1.2618560e-03  -3.5983600e-10   2.7801489e-09
   1.0500000e+02             NaN   1.6601500e+01   4.0666500e+01   6.2764856e-04   6.5433581e-04   6.4029416e-05   6.5078497e-05  -6.3716681e-04  -7.2079254e-04   6.0044415e-04   7.8707232e-04  -3.4687269e-10  -3.6169965e-09
   1.0600000e+02             NaN   1.6603500e+01   4.0664700e+01   6.2760194e-04   6.5426961e-04   6.4066248e-05   6.5038321e-05  -8.0108390e-04  -7.3877541e-04   7.0878743e-04   1.0160952e-03  -3.4796670e-10   9.1571405e-09
   1.0700000e+02             NaN   1.6615800e+01   4.0679100e+01   6.2818464e-04   6.5386154e-04   6.3778809e-05   6.4795809e-05  -6.5495521e-04  -6.5707155e-04   3.5394905e-04   5.4873020e-04  -3.1176229e-10  -1.5828224e-09
   1.0800000e+02             NaN   1.6614300e+01   4.0657800e+01   6.2744642e-04   6.5391205e-04   6.4210151e-05   6.4825025e-05  -6.7504934e-04  -7.1963679e-04   3.2804947e-04   4.3235193e-04  -3.4856093e-10  -3.7291607e-09
   1.0900000e+02             NaN   1.6617500e+01   4.0676200e+01   6.2809825e-04   6.5380532e-04   6.3834812e-05   6.4762945e-05  -8.0531101e-04  -8.3856036e-04   5.5346642e-04   3.3818650e-04  -3.1494784e-10   9.8803685e-10
   1.1000000e+02             NaN   1.6615200e+01   4.0672200e+01   6.2794466e-04   6.5388168e-04   6.3913679e-05   6.4807475e-05  -7.3658967e-04  -8.5815454e-04   1.2529289e-03   8.7092935e-05  -3.2375803e-10  -2.5885218e-11
   1.1100000e+02             NaN   1.6616200e+01   4.0673800e+01   6.2800669e-04   6.5384849e-04   6.3881938e-05   6.4788080e-05  -7.1870002e-04  -8.3821076e-04   3.8572928e-04   6.6969740e-04  -3.2014592e-10  -3.6939539e-09
   1.1200000e+02             NaN   1.6599500e+01   4.0673700e+01   6.2787949e-04   6.5440179e-04   6.3884884e-05   6.5118865e-05  -7.3788981e-04  -7.2937269e-04   6.0378433e-04   2.4441030e-04  -3.3636356e-10  -4.1676804e-10
   1.1300000e+02             NaN   1.6622000e+01   4.0672100e+01   6.2799162e-04   6.5365637e-04   6.3915281e-05   6.4676685e-05  -6.5154433e-04  -6.7189703e-04   7.3941241e-04   2.3885096e-04  -3.1733552e-10   2.4305508e-09
   1.1400000e+02             NaN   1.6617800e+01   4.0665200e+01   6.2772497e-04   6.5379580e-04   6.4055091e-05   6.4757200e-05  -8.2733184e-04  -7.8340717e-04   3.4931817e-04   4.9989340e-04  -3.3274928e-10   2.6407369e-09
   1.1500000e+02             NaN   1.6610600e+01   4.0654300e+01   6.2729953e-04   6.5403477e-04   6.4285473e-05   6.4897422e-05  -8.1081362e-04  -6.8325132e-04   2.5085735e-04   5.5759589e-04  -3.5829675e-10  -6.7666984e-10
   1.1600000e+02             NaN   1.6596500e+01   4.0670600e+01   6.2775143e-04   6.5450130e-04   6.3946726e-05   6.5179864e-05  -8.2600801e-06   1.2406278e-04   8.1306051e-04   5.9096561e-04  -3.4467977e-10   3.4776180e-09
   1.1700000e+02             NaN   1.6619400e+01   4.0662400e+01   6.2764123e-04   6.5374289e-04   6.4112960e-05   6.4726437e-05   1.2241357e-04   6.3703584e-06   6.2078635e-04   3.3028193e-04  -3.3572420e-10  -3.4074540e-09
   1.1800000e+02             NaN   1.6597000e+01   4.0668700e+01   6.2769029e-04   6.5448481e-04   6.3984954e-05   6.5169673e-05   1.1088235e-04   8.3714036e-05   1.0587054e-04   6.1022358e-04  -3.4751508e-10   9.3602173e-10
   1.1900000e+02             NaN   1.6604500e+01   4.0660400e+01   6.2746257e-04   6.5423664e-04   6.4155741e-05   6.5018325e-05  -1.7525633e-05   6.3083745e-05   1.2566546e-03   1.0079463e-04  -3.5431923e-10   1.2313306e-09
   1.2000000e+02             NaN   1.6593500e+01   4.0675200e+01   6.2788619e-04   6.5460052e-04   6.3855746e-05   6.5241307e-05   5.4850749e-05   1.0297905e-04   8.3806294e-04   1.0951220e-03  -3.3948310e-10   1.4721883e-08
   1.2100000e+02             NaN   1.7252000e+01   4.0465900e+01   6.2548252e-04   6.3271153e-04   6.9943901e-05   6.4466977e-05   4.1414103e-05   6.4054373e-05   1.2478377e-04   6.1800057e-04   6.1313134e-10   2.0319608e-09
   1.2200000e+02             NaN   1.7251800e+01   4.0460700e+01   6.2530290e-04   6.3271837e-04   7.0141597e-05   6.4463307e-05   1.2712799e-05  -2.6027192e-05   4.7582426e-04   1.1420231e-03   6.2087035e-10   6.0596418e-10
   1.2300000e+02             NaN   1.7279900e+01   4.0467000e+01   6.2571924e-04   6.3178355e-04   6.9905216e-05   6.5002834e-05   1.4626338e-04  -3.0551861e-05   8.3605868e-04   4.5714215e-04   6.6740547e-10  -1.2316370e-08
   1.2400000e+02             NaN   1.7269700e+01   4.0466500e+01   6.2562938e-04   6.3212283e-04   6.9923018e-05   6.4802089e-05   1.4137797e-06  -9.1926813e-06   1.2238219e-03   6.4895170e-05   6.4775762e-10  -1.0622649e-09
   1.2500000e+02             NaN   1.7265100e+01   4.0454900e+01   6.2519903e-04   6.3227625e-04   7.0365866e-05   6.4713418e-05   2.0033336e-06   3.9691016e-05   1.1868780e-03   3.7748282e-04   6.5745580e-10  -2.5664881e-09
   1.2600000e+02             NaN   1.7256300e+01   4.0460000e+01   6.2531103e-04   6.3256874e-04   7.0168820e-05   6.4546855e-05   9.1661768e-05   7.1685159e-05   2.4082780e-04   1.2120431e-03   6.3115540e-10  -1.7994633e-09
   1.2700000e+02             NaN   1.7273800e+01   4.0465700e+01   6.2563120e-04   6.3198649e-04   6.9953703e-05   6.4882118e-05   1.5376879e-04   8.4687134e-05   8.3898794e-04   9.3523285e-04   6.5733963e-10  -1.5459947e-09
   1.2800000e+02             NaN   1.7272700e+01   4.0456200e+01   6.2529778e-04   6.3202343e-04   7.0316496e-05   6.4860595e-05   4.7643595e-05   6.7673547e-05   7.8814325e-04   9.7708383e-04   6.7100313e-10   3.1196539e-09
   1.2900000e+02             NaN   1.7248900e+01   4.0458900e+01   6.2522051e-04   6.3281488e-04   7.0210216e-05   6.4410055e-05   2.7332865e-05   1.3375575e-04   9.2314878e-04   8.0086824e-04   6.1775095e-10  -1.1340509e-09
   1.3000000e+02             NaN   1.7261500e+01   4.0451100e+01   6.2504313e-04   6.3239612e-04   7.0512874e-05   6.4644796e-05   4.9969521e-05   8.2237020e-05   3.0420904e-04   8.3548059e-04   6.5614630e-10   1.4335851e-09
   1.3100000e+02             NaN   1.7283900e+01   4.0462300e+01   6.2558668e-04   6.3165067e-04   7.0083911e-05   6.5083084e-05   1.4530879e-04   8.1295601e-05   1.8995986e-04   1.4701556e-03   6.8355885e-10  -2.6493162e-09
   1.3200000e+02             NaN   1.7258600e+01   4.0447900e+01   6.2491277e-04   6.3249269e-04   7.0637501e-05   6.4590026e-05   1.7569343e-04   9.6734018e-05   4.3433193e-04   3.1724207e-04   6.5521333e-10   2.5157853e-10
   1.3300000e+02             NaN   1.7279600e+01   4.0450800e+01   6.2516189e-04   6.3179412e-04   7.0526510e-05   6.4996911e-05  -2.0469399e-05   1.7640322e-04   5.3505708e-04   1.1642042e-03   6.9444668e-10  -1.2057052e-08
   1.3400000e+02             NaN   1.7256200e+01   4.0467700e+01   6.2557418e-04   6.3257178e-04   6.9876349e-05   6.4544958e-05   8.7756489e-05   1.2035383e-04   1.3731928e-03   1.4808405e-04   6.1872411e-10  -1.3391553e-09
   1.3500000e+02             NaN   1.7278400e+01   4.0468800e+01   6.2577024e-04   6.3183338e-04   6.9837224e-05   6.4972958e-05   8.5698638e-05   1.3928451e-04   2.0193674e-04   7.0911375e-04   6.6133344e-10  -1.4573818e-09
   1.3600000e+02             NaN   1.7273900e+01   4.0469800e+01   6.2577242e-04   6.3198302e-04   6.9799169e-05   6.4884066e-05  -6.3780275e-04  -7.1897198e-04   5.0380590e-04   1.6647854e-04   6.5066313e-10  -9.2072074e-10
   1.3700000e+02             NaN   1.7263000e+01   4.0467900e+01   6.2562956e-04   6.3234562e-04   6.9869498e-05   6.4673247e-05  -7.8129348e-04  -6.3578115e-04   1.3992669e-03   3.7182912e-04   6.3202185e-10  -5.5824151e-09
   1.3800000e+02             NaN   1.7262600e+01   4.0455300e+01   6.2519491e-04   6.3235938e-04   7.0350151e-05   6.4665678e-05  -8.1876675e-04  -8.1093838e-04   8.9078479e-04   3.0013215e-04   6.5163706e-10   2.4670655e-09
   1.3900000e+02             NaN   1.7273300e+01   4.0451300e+01   6.2513413e-04   6.3200365e-04   7.0506352e-05   6.4872365e-05  -7.9881217e-04  -6.4496127e-04   8.0626346e-05   5.9162885e-04   6.8044539e-10   5.6016043e-10
   1.4000000e+02             NaN   1.7266100e+01   4.0467800e+01   6.2564825e-04   6.3224252e-04   6.9873585e-05   6.4732559e-05  -7.5520957e-04  -6.2390911e-04   1.8726738e-04   8.1761691e-04   6.3839328e-10  -2.0416114e-09
