   1.0000000e+00             NaN   8.5937000e+00   4.4919700e+01   4.7107779e-04  -2.0224394e-04   4.7255025e-05   6.6902812e-05  -4.1021740e-05   6.2794642e-04   6.3040693e-04   1.4371447e-04   2.9601971e-10  -5.9135137e-10
   2.0000000e+00             NaN   8.6182000e+00   4.4924400e+01   4.6875893e-04  -1.9401879e-04   4.7275128e-05   6.6571790e-05  -1.9808466e-04   4.7452258e-04   6.0534208e-04   1.2341125e-04   2.9943836e-10  -9.1522086e-10
   3.0000000e+00             NaN   8.6281000e+00   4.4891800e+01   4.8440590e-04  -1.9069554e-04   4.7156293e-05   6.6438651e-05  -1.2687525e-04   5.3992111e-04   8.1300867e-04   9.8838769e-04   2.5757928e-10   4.2353864e-09
   4.0000000e+00             NaN   8.6102000e+00   4.4904700e+01   4.7824765e-04  -1.9670477e-04   4.7200406e-05   6.6679762e-05  -1.5195219e-04   6.1210483e-04   1.9178692e-04   1.2679468e-03   2.7542065e-10  -4.9304644e-10
   5.0000000e+00             NaN   8.6160000e+00   4.4921800e+01   4.7001397e-04  -1.9475740e-04   4.7264835e-05   6.6601453e-05  -8.1188164e-05   5.7087446e-04   8.4489465e-04   7.2644187e-04   2.9639605e-10  -1.0063465e-08
   6.0000000e+00             NaN   1.3530400e+01   4.3606700e+01   1.1390613e-03   1.4538870e-03   5.4960052e-05   6.8000526e-05   2.1704808e-04  -2.0448812e-05   8.3174022e-04   2.5284147e-04   1.3863767e-09   1.2116425e-09
   7.0000000e+00             NaN   1.3481400e+01   4.3617900e+01   1.1328398e-03   1.4374804e-03   5.4786830e-05   6.7329182e-05   3.0196946e-04  -6.1492905e-06   1.1234415e-03   2.8901162e-04   1.3432573e-09   7.8482696e-10
   8.0000000e+00             NaN   1.3477800e+01   4.3605600e+01   1.1386771e-03   1.4362761e-03   5.4959946e-05   6.7280171e-05   3.1682419e-04  -1.2151110e-04   3.5328985e-04   4.0925386e-04   1.3569614e-09  -4.4613055e-10
   9.0000000e+00             NaN   1.3509700e+01   4.3622100e+01   1.1313150e-03   1.4469552e-03   5.4736041e-05   6.7716077e-05   2.8061233e-04  -1.6214013e-05   5.4908432e-05   8.0818019e-04   1.3542080e-09   3.7942964e-10
   1.0000000e+01             NaN   1.3502400e+01   4.3598600e+01   1.1424595e-03   1.4445131e-03   5.5067079e-05   6.7616156e-05   2.3328917e-04  -1.1096880e-04   6.2911510e-04   1.1330758e-03   1.3804576e-09   3.3736622e-09
   1.1000000e+01             NaN   1.3558900e+01   4.2849600e+01   1.5025708e-03   1.4635250e-03   6.8007425e-05   6.8398467e-05   4.4955450e-04   5.6783378e-04   1.9080502e-04   6.7493204e-04   2.4070369e-09  -1.0236203e-09
   1.2000000e+01             NaN   1.3588000e+01   4.2844000e+01   1.5057600e-03   1.4732682e-03   6.8129751e-05   6.8802442e-05   4.0615202e-04   5.7534699e-04   5.4690282e-04   1.1813770e-03   2.4431664e-09  -8.2036912e-09
   1.3000000e+01             NaN   1.3560600e+01   4.2868300e+01   1.4936379e-03   1.4640926e-03   6.7641783e-05   6.8421930e-05   4.3166594e-04   4.9457834e-04   9.9075113e-05   8.0198699e-04   2.3839009e-09   1.3678471e-09
   1.4000000e+01             NaN   1.3570500e+01   4.2866000e+01   1.4949119e-03   1.4674073e-03   6.7690885e-05   6.8559161e-05   5.4147005e-04   5.6257737e-04   3.2259161e-04   4.3541254e-04   2.3966017e-09   1.1888706e-09
   1.5000000e+01             NaN   1.3568500e+01   4.2869700e+01   1.4931039e-03   1.4667374e-03   6.7617726e-05   6.8531404e-05   3.5523640e-04   4.6676027e-04   5.7423370e-04   2.9141079e-04   2.3897284e-09  -7.8045948e-10
   1.6000000e+01             NaN   8.2246000e+00   4.4908900e+01   4.7746840e-04  -3.2615387e-04   4.7185980e-05   7.2081198e-05  -1.2375273e-04   6.8259967e-04   7.2445771e-04   1.4671033e-04   3.1520756e-10   7.5452100e-11
   1.7000000e+01             NaN   8.2019000e+00   4.4914500e+01   4.7486866e-04  -3.3377389e-04   4.7204130e-05   7.2410389e-05  -3.3063776e-05   6.0446680e-04   7.8499461e-04   7.6776509e-05   3.2532513e-10   1.0140908e-10
   1.8000000e+01             NaN   8.1819000e+00   4.4906000e+01   4.7903710e-04  -3.4048778e-04   4.7172301e-05   7.2701431e-05  -7.4284634e-05   7.5124481e-04   9.9294797e-04   3.5643570e-04   3.1438132e-10  -2.1438142e-09
   1.9000000e+01             NaN   8.2011000e+00   4.4908000e+01   4.7799626e-04  -3.3404256e-04   4.7180873e-05   7.2422040e-05  -1.0558448e-04   6.1672184e-04   8.5946862e-04   1.0632936e-03   3.1580430e-10  -1.6197649e-08
   2.0000000e+01             NaN   8.2280000e+00   4.4902100e+01   4.8072333e-04  -3.2501266e-04   4.7162527e-05   7.2032017e-05  -1.1496873e-04   6.6421062e-04   3.5547983e-04   3.8249064e-04   3.0499195e-10   1.6792302e-09
   2.1000000e+01             NaN   9.6613000e+00   4.5683400e+01   1.0362410e-04   1.5617924e-04   5.4438900e-05   5.4457826e-05  -2.3498056e-04  -3.6492030e-04   4.4438174e-04   1.1854986e-03   7.1556306e-10  -5.4446598e-09
   2.2000000e+01             NaN   9.6792000e+00   4.5696700e+01   9.7264741e-05   1.6218846e-04   5.4626937e-05   5.4291587e-05  -3.5381641e-04  -3.2988086e-04   4.1862758e-04   4.6682930e-04   7.1544594e-10  -2.5682967e-09
   2.3000000e+01             NaN   9.6668000e+00   4.5682500e+01   1.0406758e-04   1.5802570e-04   5.4427336e-05   5.4406583e-05  -3.2966370e-04  -2.7801411e-04   4.1483592e-04   8.0596166e-04   7.1201726e-10   9.3523934e-11
   2.4000000e+01             NaN   9.6566000e+00   4.5685500e+01   1.0260530e-04   1.5460135e-04   5.4467238e-05   5.4501737e-05  -2.2470034e-04  -2.6531095e-04   4.8538874e-04   1.7826544e-04   7.1954787e-10  -8.6957501e-11
   2.5000000e+01             NaN   8.0577000e+00   4.5565800e+01   1.6241994e-04  -3.8218210e-04   5.2505808e-05   7.4528400e-05  -2.0431357e-04   1.7794365e-04   3.9382588e-04   3.8544984e-04   1.3466519e-09   1.7703313e-09
   2.6000000e+01             NaN   8.0551000e+00   4.5540000e+01   1.7483629e-04  -3.8305543e-04   5.2191756e-05   7.4567090e-05  -2.9175113e-04   3.5160661e-04   8.8359383e-04   1.0875139e-03   1.3077167e-09  -2.4920838e-08
   2.7000000e+01             NaN   8.0513000e+00   4.5557900e+01   1.6624854e-04  -3.8433059e-04   5.2407077e-05   7.4623419e-05  -2.8249285e-04   1.7141583e-04   2.8972363e-04   1.3098070e-03   1.3370581e-09  -4.3644247e-09
   2.8000000e+01             NaN   8.0577000e+00   4.5564300e+01   1.6314111e-04  -3.8218213e-04   5.2487393e-05   7.4528407e-05  -2.3358049e-04   2.5157729e-04   8.8122635e-04   2.1608635e-04   1.3443270e-09  -2.1194070e-09
   2.9000000e+01             NaN   8.0811000e+00   4.5563000e+01   1.6365618e-04  -3.7432735e-04   5.2478862e-05   7.4181838e-05  -3.4893402e-04   2.6789409e-04   2.7625257e-04   4.4826725e-04   1.3325447e-09   5.2045586e-12
   3.0000000e+01             NaN   1.1318600e+01   4.4520500e+01   6.7142604e-04   7.1244870e-04   4.6891445e-05   4.8031785e-05  -4.4463123e-05  -8.5659907e-05   4.7812926e-04   5.8067170e-04   4.0846217e-12  -2.8549467e-09
   3.1000000e+01             NaN   1.1315800e+01   4.4493900e+01   6.8418138e-04   7.1151037e-04   4.6949554e-05   4.8025430e-05   2.3626995e-05  -3.5816304e-05   1.2973067e-03   1.4721237e-04   7.9778766e-12  -2.3754729e-10
   3.2000000e+01             NaN   1.1368100e+01   4.4515400e+01   6.7431136e-04   7.2905646e-04   4.6901821e-05   4.8155370e-05  -6.4569757e-05   2.2094922e-05   3.0211779e-04   1.3130210e-03   8.3576116e-12  -2.0056070e-09
   3.3000000e+01             NaN   1.1362900e+01   4.4523900e+01   6.7018149e-04   7.2731150e-04   4.6884868e-05   4.8141486e-05   7.7331314e-05  -3.1521532e-05   1.0814034e-03   7.7811944e-04   6.4771613e-12   9.6882568e-09
   3.4000000e+01             NaN   1.1336500e+01   4.4457300e+01   7.0194541e-04   7.1845698e-04   4.7047498e-05   4.8074487e-05   6.0887661e-05   1.0747460e-04   1.2404659e-03   5.8042738e-04   1.5679402e-11   8.5960459e-09
   3.5000000e+01             NaN   1.0214500e+01   4.5504700e+01   1.9125189e-04   3.4188655e-04   5.2190255e-05   5.0175725e-05  -2.3812314e-04  -4.1220972e-04   6.2187411e-04   9.5048227e-04   3.4504633e-10   1.4158573e-09
   3.6000000e+01             NaN   1.0183000e+01   4.5545500e+01   1.7150518e-04   3.3131196e-04   5.2686983e-05   5.0368306e-05  -1.7966045e-04  -3.7277968e-04   1.3039572e-03   1.0155334e-04   3.7693516e-10  -8.7133175e-10
   3.7000000e+01             NaN   1.0178700e+01   4.5517100e+01   1.8514123e-04   3.2986910e-04   5.2337051e-05   5.0395208e-05  -1.5653995e-04  -3.1054926e-04   2.6324471e-04   8.4891542e-04   3.6639238e-10  -2.4131055e-09
   3.8000000e+01             NaN   1.0204500e+01   4.5545600e+01   1.7154652e-04   3.3852899e-04   5.2690114e-05   5.0236060e-05  -2.3701138e-04  -4.8299319e-04   6.0498669e-04   1.0161951e-03   3.6698840e-10   8.0625177e-09
   3.9000000e+01             NaN   1.0190200e+01   4.5555300e+01   1.6682341e-04   3.3372864e-04   5.2810309e-05   5.0323647e-05  -3.2759065e-04  -5.0291600e-04   1.3513263e-03   7.0266122e-05   3.7785864e-10  -1.4859253e-09
   4.0000000e+01             NaN   1.4164600e+01   4.2366100e+01   1.7453857e-03   1.6663251e-03   7.8333571e-05   7.7217405e-05   6.2422729e-04   6.0693216e-04   3.9078355e-04   6.1582344e-04   3.8027419e-09  -2.2313550e-09
   4.1000000e+01             NaN   1.4155800e+01   4.2355600e+01   1.7502414e-03   1.6633822e-03   7.8556445e-05   7.7083930e-05   5.1771430e-04   6.9475692e-04   4.5676670e-04   7.0258153e-04   3.8088630e-09   4.0600073e-09
   4.2000000e+01             NaN   1.4156400e+01   4.2337200e+01   1.7590629e-03   1.6635847e-03   7.8956976e-05   7.7093112e-05   6.1306311e-04   6.7615027e-04   8.1272167e-04   7.8567088e-04   3.8397382e-09  -8.7010525e-09
   4.3000000e+01             NaN   1.4151100e+01   4.2366900e+01   1.7447394e-03   1.6618087e-03   7.8308561e-05   7.7012624e-05   6.4370992e-04   6.5433896e-04   7.9346456e-05   9.0551953e-04   3.7844649e-09  -2.4940790e-09
   4.4000000e+01             NaN   1.4158700e+01   4.2344200e+01   1.7557562e-03   1.6643535e-03   7.8805909e-05   7.7127967e-05   5.8498971e-04   6.4168938e-04   7.1607381e-04   3.4820580e-04   3.8311978e-09   1.9119103e-09
   4.5000000e+01             NaN   9.0749000e+00   4.5787800e+01   5.3004785e-05  -4.0690043e-05   5.5811667e-05   6.0744091e-05  -3.7892148e-04  -1.9534537e-04   7.3635342e-04   9.1836674e-04   1.1280784e-09  -5.0985287e-09
   4.6000000e+01             NaN   9.1040000e+00   4.5795600e+01   4.9241350e-05  -3.0920460e-05   5.5934436e-05   6.0397449e-05  -3.7593376e-04  -3.1438957e-04   3.8506020e-04   1.1826807e-03   1.1193231e-09  -1.0979143e-08
   4.7000000e+01             NaN   9.1032000e+00   4.5797500e+01   4.8328090e-05  -3.1189036e-05   5.5962453e-05   6.0406928e-05  -2.9859312e-04  -1.9202462e-04   6.4128965e-04   1.2784200e-03   1.1216899e-09  -5.6955225e-09
   4.8000000e+01             NaN   9.0880000e+00   4.5798400e+01   4.7901742e-05  -3.6292037e-05   5.5972013e-05   6.0587618e-05  -3.7622628e-04  -1.6597263e-04   4.9833465e-04   6.3053315e-05   1.1313417e-09   3.5185358e-10
   4.9000000e+01             NaN   1.0016900e+01   4.5144200e+01   3.6380009e-04   2.7555671e-04   4.8640301e-05   5.1491990e-05  -1.6832371e-04  -9.9806044e-05   7.9155113e-04   7.3643591e-04   2.4273622e-10   2.4632570e-09
   5.0000000e+01             NaN   1.0005600e+01   4.5124500e+01   3.7323198e-04   2.7176367e-04   4.8495911e-05   5.1574839e-05  -5.2212911e-05   2.5144309e-05   5.3511226e-04   8.1448131e-04   2.3510463e-10   1.6338407e-09
   5.1000000e+01             NaN   1.0007000e+01   4.5133100e+01   3.6910256e-04   2.7223351e-04   4.8558056e-05   5.1564513e-05  -1.6114727e-04  -3.6334603e-05   4.2916512e-04   1.1484726e-03   2.3933591e-10  -3.5560616e-09
   5.2000000e+01             NaN   1.0032400e+01   4.5117600e+01   3.7664013e-04   2.8076040e-04   4.8448428e-05   5.1379801e-05  -2.4499635e-04  -1.0695719e-04   4.6534151e-04   2.8441691e-04   2.2504042e-10  -1.5129368e-10
   5.3000000e+01             NaN   1.0003700e+01   4.5134000e+01   3.6865887e-04   2.7112570e-04   4.8564409e-05   5.1588808e-05  -2.4245815e-04  -3.5130920e-05   1.7916611e-04   1.2943912e-03   2.4062899e-10   3.5910199e-09
   5.4000000e+01             NaN   7.5607000e+00   4.4377900e+01   7.3624541e-04  -5.4904378e-04   4.7585944e-05   8.2136362e-05  -5.2555038e-05   1.3243755e-03   1.3587579e-03   4.0036977e-04  -5.9993223e-10  -1.1056986e-09
   5.5000000e+01             NaN   7.5632000e+00   4.4380000e+01   7.3521966e-04  -5.4820463e-04   4.7575227e-05   8.2097082e-05  -2.7863929e-05   1.2009122e-03   4.1751116e-04   9.8469790e-04  -5.9557843e-10   1.0701158e-09
   5.6000000e+01             NaN   7.5444000e+00   4.4402600e+01   7.2448629e-04  -5.5451377e-04   4.7470862e-05   8.2392517e-05   9.9723142e-05   1.2304761e-03   6.4209032e-04   4.5345494e-04  -5.5867416e-10   4.7552586e-10
   5.7000000e+01             NaN   7.5614000e+00   4.4368000e+01   7.4099773e-04  -5.4880915e-04   4.7635443e-05   8.2125413e-05   4.9442226e-05   1.2512731e-03   1.1721940e-03   1.0558033e-04  -6.1768397e-10   3.8240952e-09
   5.8000000e+01             NaN   7.5243000e+00   4.4387600e+01   7.3183036e-04  -5.6126039e-04   4.7544213e-05   8.2709156e-05  -8.9451599e-05   1.3885961e-03   1.8200929e-04   8.2180299e-04  -5.9034404e-10  -4.3154235e-10
   5.9000000e+01             NaN   1.3719400e+01   4.3162800e+01   1.3553191e-03   1.5172673e-03   6.2194347e-05   7.0653782e-05   2.8737760e-04   1.6234936e-04   1.0851984e-03   8.0112657e-04   2.1238817e-09   2.5560972e-09
   6.0000000e+01             NaN   1.3723400e+01   4.3148800e+01   1.3621025e-03   1.5186074e-03   6.2446327e-05   7.0710847e-05   4.0926765e-04   2.8704332e-04   8.2941351e-05   1.2528469e-03   2.1469479e-09  -2.7567760e-09
   6.1000000e+01             NaN   1.3727100e+01   4.3146800e+01   1.3631281e-03   1.5198461e-03   6.2483712e-05   7.0763621e-05   3.9248571e-04   1.6796614e-04   1.2250017e-03   1.7808172e-04   2.1528561e-09  -4.2654070e-09
   6.2000000e+01             NaN   1.3711600e+01   4.3151500e+01   1.3605954e-03   1.5146573e-03   6.2393134e-05   7.0542774e-05   4.3211638e-04   3.2071793e-04   7.9112713e-05   1.2606323e-03   2.1333306e-09  -4.3204039e-09
   6.3000000e+01             NaN   1.3722400e+01   4.3148200e+01   1.3623721e-03   1.5182728e-03   6.2456676e-05   7.0696594e-05   3.7423860e-04   2.4638476e-04   1.2881575e-03   6.4900563e-04   2.1469621e-09  -1.8624518e-08
   6.4000000e+01             NaN   1.1624000e+01   4.4816000e+01   5.3230110e-04   8.1488341e-04   4.6984752e-05   4.9086304e-05  -9.4252872e-05  -3.7725356e-04   8.0677250e-04   1.9565566e-04  -6.8031514e-11   2.3500062e-09
   6.5000000e+01             NaN   1.1644400e+01   4.4845100e+01   5.1852444e-04   8.2172478e-04   4.7067060e-05   4.9181178e-05  -9.5230011e-05  -3.4951615e-04   1.0205458e-03   4.9301959e-05  -7.9237168e-11  -4.2291706e-10
   6.6000000e+01             NaN   1.1579900e+01   4.4839400e+01   5.2062155e-04   8.0008951e-04   4.7051087e-05   4.8891197e-05  -4.3446261e-05  -2.8251623e-04   1.8641003e-04   5.5243153e-04  -7.1092971e-11  -2.5714091e-09
   6.7000000e+01             NaN   1.1611400e+01   4.4809900e+01   5.3510635e-04   8.1065724e-04   4.6969284e-05   4.9029163e-05  -9.1962845e-05  -2.7600080e-04   9.2236635e-04   8.9360916e-04  -6.5077958e-11  -4.1016854e-09
   6.8000000e+01             NaN   1.1648900e+01   4.4822900e+01   5.2923600e-04   8.2323526e-04   4.7002722e-05   4.9202589e-05   5.3167975e-06  -3.1231605e-04   7.6925068e-04   5.4692746e-05  -7.2411305e-11  -5.7889356e-10
   6.9000000e+01             NaN   1.2025200e+01   4.4229100e+01   8.1853634e-04   9.4947412e-04   4.8138249e-05   5.1480532e-05   8.0248231e-05  -1.8618030e-05   6.0833917e-04   3.2624630e-04   2.0654208e-10   2.4384737e-09
   7.0000000e+01             NaN   1.2042900e+01   4.4224300e+01   8.2104595e-04   9.5540981e-04   4.8170194e-05   5.1610370e-05   1.6123210e-04  -4.3587416e-05   3.4949310e-04   6.4582392e-04   2.1311250e-10  -1.0104427e-09
   7.1000000e+01             NaN   1.2076300e+01   4.4205100e+01   8.3065544e-04   9.6661083e-04   4.8299455e-05   5.1860666e-05   1.1030262e-04   5.2729640e-05   5.0194526e-04   5.6258539e-04   2.3135731e-10   2.6053356e-09
   7.2000000e+01             NaN   1.2016400e+01   4.4227900e+01   8.1901140e-04   9.4652321e-04   4.8145511e-05   5.1416715e-05  -1.0266434e-05   4.5309813e-05   7.5859413e-04   5.6421470e-04   2.0517526e-10   3.3913886e-09
   7.3000000e+01             NaN   1.2037500e+01   4.4213700e+01   8.2607379e-04   9.5359961e-04   4.8239557e-05   5.1570589e-05   1.9237901e-04   5.3588432e-05   1.6488096e-04   1.0083250e-03   2.1750544e-10  -1.9176194e-09
   7.4000000e+01             NaN   8.9663000e+00   4.4395900e+01   7.2218969e-04  -7.7153646e-05   4.7340181e-05   6.2068749e-05  -7.1741290e-05   8.0081740e-04   7.2759073e-04   8.2486290e-04  -3.0729527e-10   2.6893876e-09
   7.5000000e+01             NaN   8.9074000e+00   4.4422400e+01   7.0951696e-04  -9.6928518e-05   4.7239400e-05   6.2802989e-05  -2.3116980e-05   8.8725143e-04   8.5129352e-04   3.4609968e-04  -2.8750404e-10   3.5470380e-09
   7.6000000e+01             NaN   8.9804000e+00   4.4382800e+01   7.2847227e-04  -7.2419769e-05   4.7394891e-05   6.1894810e-05  -5.7852354e-05   9.0745283e-04   8.3389180e-04   4.9997485e-04  -3.1902230e-10   6.3439029e-09
   7.7000000e+01             NaN   8.9886000e+00   4.4422600e+01   7.0933850e-04  -6.9666536e-05   4.7232757e-05   6.1793809e-05   2.8816747e-05   8.8000911e-04   1.2261390e-03   1.9736136e-04  -2.7530851e-10   1.8001048e-09
   7.8000000e+01             NaN   8.9375000e+00   4.4395200e+01   7.2255482e-04  -8.6822942e-05   4.7345399e-05   6.2426308e-05   7.6338761e-05   7.3487799e-04   4.6520280e-04   9.2144228e-04  -3.1270421e-10   3.4757311e-09
   7.9000000e+01             NaN   1.3401900e+01   4.2357100e+01   1.7360445e-03   1.4111196e-03   7.8152326e-05   6.6266414e-05   5.8094945e-04   9.5281465e-04   9.7796478e-04   2.9467430e-04   2.8660390e-09  -6.1656772e-09
   8.0000000e+01             NaN   1.3407200e+01   4.2360300e+01   1.7345991e-03   1.4128943e-03   7.8085294e-05   6.6337514e-05   4.8645958e-04   9.3283294e-04   1.3485282e-04   1.3163918e-03   2.8685980e-09  -9.2331744e-09
   8.1000000e+01             NaN   1.3393700e+01   4.2335100e+01   1.7464489e-03   1.4083750e-03   7.8626223e-05   6.6156638e-05   5.2938409e-04   8.8688624e-04   9.6421607e-04   2.7263316e-04   2.8831755e-09   2.3880742e-10
   8.2000000e+01             NaN   1.3406900e+01   4.2340100e+01   1.7442715e-03   1.4127955e-03   7.8523261e-05   6.6333564e-05   5.3271372e-04   9.4887597e-04   1.1552255e-03   8.6176460e-05   2.8934011e-09  -2.8869426e-09
   8.3000000e+01             NaN   1.3406000e+01   4.2355600e+01   1.7368309e-03   1.4124928e-03   7.8186590e-05   6.6321424e-05   4.8865666e-04   9.1330651e-04   5.0611841e-04   4.2554086e-04   2.8729725e-09   1.9035050e-09
   8.4000000e+01             NaN   9.4953000e+00   4.5305400e+01   2.8509574e-04   1.0044913e-04   4.9961736e-05   5.6077062e-05  -2.4150860e-04   1.5487412e-05   1.2712363e-03   9.3546469e-05   5.0097471e-10  -1.5388665e-09
   8.5000000e+01             NaN   9.5044000e+00   4.5319600e+01   2.7828038e-04   1.0350413e-04   5.0099295e-05   5.5984696e-05  -2.1623858e-04  -3.1651267e-05   1.6703204e-04   5.2146335e-04   5.0927161e-10   5.8337814e-10
   8.6000000e+01             NaN   9.4874000e+00   4.5311700e+01   2.8205725e-04   9.7796878e-05   5.0020947e-05   5.6157510e-05  -2.4978494e-04  -8.4121712e-05   7.5696088e-04   1.1945875e-03   5.0862130e-10  -5.5782225e-09
   8.7000000e+01             NaN   9.4917000e+00   4.5312500e+01   2.8167788e-04   9.9240485e-05   5.0029167e-05   5.6113671e-05  -2.5709410e-04  -5.0537879e-05   4.2289570e-04   3.2311593e-04   5.0783999e-10  -2.5205743e-09
   8.8000000e+01             NaN   9.5065000e+00   4.5318800e+01   2.7866769e-04   1.0420915e-04   5.0091804e-05   5.5963451e-05  -1.3383350e-04  -7.2893237e-05   8.8742776e-04   8.1234192e-04   5.0793323e-10   3.0385000e-09
   8.9000000e+01             NaN   1.3449300e+01   4.3288200e+01   1.2904595e-03   1.4268270e-03   5.9912762e-05   6.6897437e-05   2.4387155e-04   2.4872221e-04   3.8523233e-04   4.1475690e-04   1.7431463e-09   6.9631827e-11
   9.0000000e+01             NaN   1.3457100e+01   4.3288400e+01   1.2904964e-03   1.4294389e-03   5.9912090e-05   6.7003164e-05   3.2385438e-04   1.8572907e-04   1.2341016e-04   1.1336510e-03   1.7487475e-09  -1.6743503e-09
   9.1000000e+01             NaN   1.3454000e+01   4.3300200e+01   1.2847852e-03   1.4283998e-03   5.9711952e-05   6.6961077e-05   3.0141678e-04   2.4256104e-04   9.6405289e-04   3.4245010e-04   1.7314191e-09   1.1441311e-09
   9.2000000e+01             NaN   1.3467500e+01   4.3295200e+01   1.2874131e-03   1.4329207e-03   5.9800865e-05   6.7144375e-05   3.0261861e-04   1.9467736e-04   1.4414905e-03   1.6949916e-04   1.7478645e-09  -5.9265693e-09
   9.3000000e+01             NaN   1.3442700e+01   4.3289700e+01   1.2896280e-03   1.4246168e-03   5.9885114e-05   6.6808102e-05   3.8849801e-04   1.4220934e-04   1.8954270e-04   5.2367581e-04   1.7362948e-09   2.1392249e-09
   9.4000000e+01             NaN   1.0801600e+01   4.5163400e+01   3.5851127e-04   5.3893936e-04   4.8814870e-05   4.7876325e-05  -1.4635739e-04  -3.8345971e-04   1.2844722e-04   1.0205548e-03   4.3707756e-11  -5.8542177e-10
   9.5000000e+01             NaN   1.0791300e+01   4.5169800e+01   3.5536687e-04   5.3548252e-04   4.8864690e-05   4.7894434e-05  -2.1820940e-04  -3.4181884e-04   3.9305745e-04   1.0639196e-03   4.7254195e-11  -7.1655966e-10
   9.6000000e+01             NaN   1.0784800e+01   4.5157100e+01   3.6142824e-04   5.3330153e-04   4.8766071e-05   4.7906331e-05  -1.2419265e-04  -3.4937464e-04   4.6007153e-04   7.5469572e-04   4.7444976e-11  -1.5103405e-09
   9.7000000e+01             NaN   1.0771600e+01   4.5155800e+01   3.6196662e-04   5.2887166e-04   4.8755946e-05   4.7931428e-05  -2.0086939e-04  -2.8281496e-04   5.5942097e-04   1.1671275e-03   5.0782337e-11   1.0270728e-08
   9.8000000e+01             NaN   1.0786300e+01   4.5141000e+01   3.6917650e-04   5.3380544e-04   4.8644375e-05   4.7903610e-05  -5.4986461e-05  -4.0634712e-04   1.1259180e-03   3.5814085e-04   4.5055811e-11  -2.0020996e-09
   9.9000000e+01             NaN   9.1787000e+00   4.5406300e+01   2.3640140e-04  -5.8419183e-06   5.0936937e-05   5.9523347e-05  -2.5044362e-04   1.3071191e-05   5.5425981e-04   9.9370872e-04   7.0085686e-10   2.6090555e-09
   1.0000000e+02             NaN   9.1737000e+00   4.5500800e+01   1.9096738e-04  -7.5205162e-06   5.2001775e-05   5.9580877e-05  -1.8333132e-04  -1.5488179e-04   5.2373136e-04   7.2160273e-04   7.9411205e-10  -8.8531533e-10
   1.0100000e+02             NaN   9.1404000e+00   4.5462500e+01   2.0938709e-04  -1.8700234e-05   5.1551102e-05   5.9968900e-05  -1.4792428e-04  -6.5080931e-06   1.8574143e-04   6.5334642e-04   7.7044673e-10   1.0344922e-09
   1.0200000e+02             NaN   9.1498000e+00   4.5471500e+01   2.0505799e-04  -1.5544395e-05   5.1655736e-05   5.9858929e-05  -2.6785580e-04  -2.0813832e-06   4.3822870e-04   2.4739201e-04   7.7549060e-10  -1.5874779e-10
   1.0300000e+02             NaN   9.2240000e+00   4.5440400e+01   2.2000766e-04   9.3665379e-06   5.1317301e-05   5.9003629e-05  -2.2841963e-04  -1.6189686e-05   8.3411713e-04   9.5637382e-04   7.1602351e-10   1.9550655e-08
   1.0400000e+02             NaN   1.0913100e+01   4.4673200e+01   5.9486255e-04   5.7637514e-04   4.6773175e-05   4.7734314e-05   5.2069942e-05  -9.6830702e-05   6.7115933e-04   1.3101031e-03  -1.4393327e-11   1.8445815e-09
   1.0500000e+02             NaN   1.0962300e+01   4.4658800e+01   6.0213389e-04   5.9288630e-04   4.6768617e-05   4.7701871e-05  -1.3422284e-05  -9.1089077e-05   8.8898862e-04   8.4755528e-04  -1.5481154e-11   2.1176750e-10
   1.0600000e+02             NaN   1.0957800e+01   4.4644300e+01   6.0906890e-04   5.9137670e-04   4.6767521e-05   4.7704096e-05   6.4402743e-06  -7.5222880e-05   3.9426967e-04   8.2861765e-04  -1.5948273e-11  -2.3063733e-09
   1.0700000e+02             NaN   1.0951500e+01   4.4663900e+01   5.9960515e-04   5.8926187e-04   4.6769835e-05   4.7707366e-05  -6.2581103e-05  -1.0752113e-05   1.7993152e-04   5.2035824e-04  -1.5233571e-11  -1.1525189e-11
   1.0800000e+02             NaN   1.0914400e+01   4.4657300e+01   6.0251218e-04   5.7681194e-04   4.6768542e-05   4.7733257e-05   2.3159788e-05   1.0025960e-04   5.0468200e-04   6.2689790e-04  -1.5309898e-11  -4.6966240e-09
   1.0900000e+02             NaN   9.2680000e+00   4.5595300e+01   1.4554200e-04   2.4138464e-05   5.3188648e-05   5.8506881e-05  -1.8324863e-04  -7.7650747e-05   8.9436272e-04   1.7609353e-04   8.4093917e-10  -1.0565232e-09
   1.1000000e+02             NaN   9.3066000e+00   4.5594400e+01   1.4598941e-04   3.7097485e-05   5.3184551e-05   5.8077985e-05  -2.7956982e-04  -2.4430586e-04   1.1694298e-04   5.4255523e-04   8.2182165e-10   3.1504027e-10
   1.1100000e+02             NaN   9.2780000e+00   4.5566200e+01   1.5953663e-04   2.7495771e-05   5.2820102e-05   5.8395256e-05  -3.5789392e-04  -5.2019266e-05   5.5640538e-04   6.0796596e-04   8.0964338e-10   5.4515549e-09
   1.1200000e+02             NaN   9.2773000e+00   4.5598900e+01   1.4381407e-04   2.7260710e-05   5.3236937e-05   5.8402951e-05  -2.5675096e-04  -1.0216113e-04   1.0372482e-04   1.1541239e-03   8.3981766e-10   7.6356591e-10
   1.1300000e+02             NaN   9.2802000e+00   4.5587500e+01   1.4929626e-04   2.8234334e-05   5.3090831e-05   5.8370660e-05  -2.3051197e-04  -2.3213018e-04   4.4768578e-04   3.4420582e-04   8.2804704e-10   2.7041461e-09
   1.1400000e+02             NaN   8.6411000e+00   4.5460100e+01   2.1117637e-04  -1.8632692e-04   5.1419903e-05   6.6262574e-05  -1.9188895e-04   1.5827333e-04   6.5574498e-04   3.6340512e-04   9.6421499e-10   1.8917353e-09
   1.1500000e+02             NaN   8.6229000e+00   4.5428200e+01   2.2655592e-04  -1.9243726e-04   5.1063372e-05   6.6507223e-05  -1.5271019e-04   2.2164715e-04   1.6955615e-04   5.9257716e-04   9.3118710e-10  -4.0557043e-10
   1.1600000e+02             NaN   8.6057000e+00   4.5445300e+01   2.1837628e-04  -1.9821131e-04   5.1246729e-05   6.6739121e-05  -2.9123533e-04   2.4168181e-04   5.7262211e-04   8.3546844e-04   9.5911978e-10  -3.5944123e-09
   1.1700000e+02             NaN   8.6348000e+00   4.5437200e+01   2.2220084e-04  -1.8844217e-04   5.1164244e-05   6.6347198e-05  -3.2645047e-04   1.1492889e-04   1.2256958e-03   1.1242506e-04   9.3804603e-10  -2.1883345e-09
   1.1800000e+02             NaN   8.5976000e+00   4.5460400e+01   2.1113657e-04  -2.0093039e-04   5.1413068e-05   6.6848593e-05  -3.0010972e-04   1.4885571e-04   7.0399003e-04   1.0443979e-03   9.8131324e-10  -2.8082313e-09
   1.1900000e+02             NaN   1.1923500e+01   4.5404900e+01   2.5253583e-04   9.1530260e-04   5.1033429e-05   5.0769158e-05  -2.0574293e-04  -7.6648734e-04   3.0091590e-04   1.0113872e-03  -3.7073973e-10   3.2664553e-09
   1.2000000e+02             NaN   1.1917800e+01   4.5389800e+01   2.5972692e-04   9.1339196e-04   5.0871599e-05   5.0731502e-05  -1.4036323e-04  -8.1415576e-04   1.3417374e-03   1.2685470e-04  -3.6144220e-10   2.4246927e-09
   1.2100000e+02             NaN   1.1890200e+01   4.5442000e+01   2.3433347e-04   9.0413360e-04   5.1446959e-05   5.0551793e-05  -1.0873736e-04  -9.0579303e-04   6.3408785e-04   1.3305308e-03  -3.7458380e-10  -9.8223896e-09
   1.2200000e+02             NaN   1.1862100e+01   4.5435400e+01   2.3719165e-04   8.9471049e-04   5.1375201e-05   5.0374149e-05  -1.9203313e-04  -9.4185170e-04   1.2380126e-03   7.2084700e-04  -3.6015926e-10  -4.4396294e-09
   1.2300000e+02             NaN   1.1877800e+01   4.5395200e+01   2.5668302e-04   8.9997770e-04   5.0932803e-05   5.0472889e-05  -2.3228930e-04  -9.1569744e-04   5.3195172e-05   1.3358371e-03  -3.4855563e-10   1.3524852e-09
   1.2400000e+02             NaN   1.0342600e+01   4.4813900e+01   5.2388900e-04   3.8489557e-04   4.6983807e-05   4.9462861e-05   1.2188843e-05   8.2417354e-05   3.1537943e-04   5.0212843e-04   4.2337286e-11  -9.9578065e-10
   1.2500000e+02             NaN   1.0340800e+01   4.4776500e+01   5.4185583e-04   3.8429221e-04   4.6898183e-05   4.9472218e-05  -1.5944278e-05   1.8075969e-04   4.7703670e-05   6.0150321e-04   2.9144220e-11   4.7385568e-10
   1.2600000e+02             NaN   1.0292100e+01   4.4801100e+01   5.2980802e-04   3.6794442e-04   4.6951543e-05   4.9730951e-05  -1.2293306e-04   1.4641109e-04   9.5340763e-04   4.5088797e-04   4.1643690e-11   1.9397834e-09
   1.2700000e+02             NaN   1.0336900e+01   4.4831000e+01   5.1564340e-04   3.8298187e-04   4.7030090e-05   4.9492176e-05   2.0079979e-05   5.6838628e-05   1.1587150e-03   3.1769153e-04   4.8948125e-11   3.5451380e-09
   1.2800000e+02             NaN   1.0354700e+01   4.4825500e+01   5.1837111e-04   3.8895689e-04   4.7014905e-05   4.9401249e-05  -3.2634955e-05   1.2230879e-04   1.7506789e-04   8.1013572e-04   4.5381677e-11  -2.9233051e-09
   1.2900000e+02             NaN   9.1752000e+00   4.5189900e+01   3.4043785e-04  -7.0170054e-06   4.8913826e-05   5.9564173e-05  -8.5565409e-05   1.7214634e-04   5.1670119e-05   5.9651514e-04   4.9303478e-10   3.2614930e-10
   1.3000000e+02             NaN   9.1695000e+00   4.5172000e+01   3.4904376e-04  -8.9306746e-06   4.8773634e-05   5.9630285e-05  -1.8983096e-04   1.1302504e-04   2.6718463e-04   6.0995449e-04   4.7716313e-10  -1.0548333e-09
   1.3100000e+02             NaN   9.1284000e+00   4.5188300e+01   3.4121564e-04  -2.2729158e-05   4.8895300e-05   6.0110293e-05  -1.7481659e-04   1.9497923e-04   3.5603639e-04   4.7308775e-04   5.0357191e-10  -2.7988974e-10
   1.3200000e+02             NaN   9.1369000e+00   4.5180100e+01   3.4515552e-04  -1.9875466e-05   4.8832176e-05   6.0010493e-05  -2.3708754e-04   1.2094278e-04   8.5724475e-04   2.6114250e-04   4.9329326e-10   6.4800630e-10
   1.3300000e+02             NaN   9.1270000e+00   4.5191600e+01   3.3962957e-04  -2.3199175e-05   4.8921213e-05   6.0126751e-05  -1.3912480e-04   2.8555187e-04   4.6576619e-04   5.8749737e-04   5.0720460e-10   1.3929870e-10
   1.3400000e+02             NaN   1.2382200e+01   4.3126800e+01   1.3520499e-03   1.0693164e-03   6.2431184e-05   5.4463034e-05   2.8407871e-04   5.7168049e-04   1.0776536e-03   3.9863814e-04   1.0725063e-09   9.6027795e-10
   1.3500000e+02             NaN   1.2346200e+01   4.3099900e+01   1.3645004e-03   1.0572480e-03   6.2908482e-05   5.4130638e-05   4.3981728e-04   6.8800655e-04   7.1863142e-04   9.1882615e-04   1.0620384e-09  -5.4863592e-09
   1.3600000e+02             NaN   1.2408800e+01   4.3109000e+01   1.3609290e-03   1.0782357e-03   6.2756859e-05   5.4713141e-05   2.7435568e-04   7.3020942e-04   3.9042119e-04   7.7091210e-04   1.1069267e-09   2.2471723e-09
   1.3700000e+02             NaN   1.2360800e+01   4.3138700e+01   1.3460696e-03   1.0621407e-03   6.2213991e-05   5.4264525e-05   3.4735314e-04   5.4704334e-04   1.2839844e-03   7.0634581e-05   1.0468776e-09  -1.1373625e-09
   1.3800000e+02             NaN   1.2386600e+01   4.3109200e+01   1.3605496e-03   1.0707927e-03   6.2748634e-05   5.4504196e-05   3.3920019e-04   6.6064644e-04   1.6109216e-04   6.2029180e-04   1.0886225e-09   1.0322842e-09
   1.3900000e+02             NaN   1.2932800e+01   4.3928600e+01   9.7489191e-04   1.2537119e-03   5.0805116e-05   6.0316521e-05   2.0069457e-04  -1.8403247e-04   1.0051327e-03   2.1986179e-04   7.1946477e-10   2.7904792e-10
   1.4000000e+02             NaN   1.2936100e+01   4.3898800e+01   9.8924298e-04   1.2548197e-03   5.1126484e-05   6.0355682e-05   2.3702134e-04  -1.7276041e-04   6.6036363e-04   4.0289604e-04   7.5061577e-10   1.2266282e-09
   1.4100000e+02             NaN   1.2906000e+01   4.3899800e+01   9.8830941e-04   1.2447349e-03   5.1110265e-05   6.0001011e-05   1.3300663e-04  -3.2217935e-05   3.5179070e-04   7.6906701e-04   7.3709419e-10  -1.5564320e-09
   1.4200000e+02             NaN   1.2898900e+01   4.3906400e+01   9.8503552e-04   1.2423555e-03   5.1037184e-05   5.9917844e-05   1.2502565e-04  -1.2394601e-04   6.4115879e-04   1.0592688e-03   7.2766652e-10   2.0231549e-09
   1.4300000e+02             NaN   1.2884800e+01   4.3900800e+01   9.8751217e-04   1.2376317e-03   5.1095682e-05   5.9753338e-05   1.1750120e-04  -1.4263657e-05   1.7887686e-04   7.7545371e-04   7.2731528e-10   8.7320282e-10
   1.4400000e+02             NaN   1.4208100e+01   4.2463000e+01   1.6997597e-03   1.6807814e-03   7.6269071e-05   7.7875069e-05   4.5321683e-04   5.0785911e-04   9.0942511e-05   1.2066380e-03   3.6958834e-09  -6.8665662e-09
   1.4500000e+02             NaN   1.4181900e+01   4.2460900e+01   1.7002496e-03   1.6720177e-03   7.6299075e-05   7.7475916e-05   5.9237446e-04   6.2994343e-04   8.8534287e-04   1.1680689e-03   3.6677011e-09  -2.8116930e-08
   1.4600000e+02             NaN   1.4184400e+01   4.2454700e+01   1.7032673e-03   1.6728546e-03   7.6432987e-05   7.7513979e-05   6.1244893e-04   6.5031667e-04   3.0303185e-04   8.4386498e-04   3.6809610e-09  -2.2242025e-09
   1.4700000e+02             NaN   1.4230000e+01   4.2452600e+01   1.7051723e-03   1.6881078e-03   7.6503875e-05   7.8209706e-05   5.4452091e-04   6.4118240e-04   1.0602688e-03   1.2102580e-04   3.7397795e-09  -4.4493126e-09
   1.4800000e+02             NaN   1.4204900e+01   4.2473400e+01   1.6947168e-03   1.6797100e-03   7.6045362e-05   7.7826203e-05   5.3503078e-04   4.9909480e-04   6.7676853e-04   1.1245504e-03   3.6747310e-09  -1.1587132e-08
   1.4900000e+02             NaN   9.6734000e+00   4.5047300e+01   4.0945977e-04   1.6024267e-04   4.7966601e-05   5.4345717e-05  -1.0165780e-04   1.6253329e-04   1.9853333e-04   4.7519842e-04   2.6012336e-10  -3.4530169e-11
   1.5000000e+02             NaN   9.6900000e+00   4.5028900e+01   4.1833817e-04   1.6581580e-04   4.7859682e-05   5.4192655e-05  -4.6701731e-05   1.6761473e-04   6.3103248e-04   4.5076147e-04   2.4403635e-10  -3.6542738e-09
   1.5100000e+02             NaN   9.7174000e+00   4.5045400e+01   4.1046391e-04   1.7501433e-04   4.7958098e-05   5.3943080e-05  -1.8237854e-04   1.7052386e-04   8.3863245e-04   2.0234119e-04   2.5017858e-10  -1.3962726e-09
   1.5200000e+02             NaN   9.6711000e+00   4.5073000e+01   3.9710084e-04   1.5947028e-04   4.8125466e-05   5.4366966e-05  -5.7717026e-05   2.9167915e-05   1.4417297e-03   3.5005776e-04   2.7874687e-10  -6.5330194e-09
   1.5300000e+02             NaN   9.7066000e+00   4.5054400e+01   4.0611447e-04   1.7138848e-04   4.8011808e-05   5.4040922e-05  -3.9489488e-05   8.5917996e-05   2.6735128e-04   8.2658524e-04   2.5849046e-10   6.0389307e-10
   1.5400000e+02             NaN   1.2688000e+01   4.5944900e+01   3.0198600e-06   1.1715475e-03   5.8299865e-05   5.7535652e-05  -2.4647063e-04  -1.5221087e-03   1.2774491e-03   4.3763968e-04  -1.1347140e-09   1.0832991e-08
   1.5500000e+02             NaN   1.2698300e+01   4.5946700e+01   2.3062531e-06   1.1749988e-03   5.8326461e-05   5.7647235e-05  -3.3654956e-04  -1.4947525e-03   5.2490312e-04   1.1178084e-04  -1.1430748e-09  -1.2451938e-10
   1.5600000e+02             NaN   1.2657000e+01   4.5974000e+01  -1.1411751e-05   1.1611576e-03   5.8781288e-05   5.7202564e-05  -3.1988764e-04  -1.4874229e-03   5.3835679e-04   2.9717547e-04  -1.1391602e-09  -2.5592172e-10
   1.5700000e+02             NaN   1.2639600e+01   4.5954100e+01  -2.1038468e-06   1.1553282e-03   5.8460603e-05   5.7017628e-05  -2.3115125e-04  -1.4768498e-03   6.1963813e-04   7.9158563e-04  -1.1105874e-09   2.6316218e-09
   1.5800000e+02             NaN   1.2649300e+01   4.5928600e+01   1.0286636e-05   1.1585804e-03   5.8046664e-05   5.7120677e-05  -2.2105997e-04  -1.4440709e-03   6.3201456e-04   1.0074647e-03  -1.0953364e-09  -5.3847959e-09
   1.5900000e+02             NaN   1.2198400e+01   4.4430800e+01   7.2372886e-04   1.0075338e-03   4.7146566e-05   5.2831564e-05  -5.3076683e-05  -2.0802299e-04   2.6112629e-04   7.9960164e-04   1.2185219e-10   1.0664459e-09
   1.6000000e+02             NaN   1.2178300e+01   4.4426500e+01   7.2554819e-04   1.0007948e-03   4.7160900e-05   5.2665565e-05   8.5142939e-05  -2.9773001e-04   7.1353855e-04   2.4801235e-04   1.2197652e-10   3.6780322e-09
   1.6100000e+02             NaN   1.2203700e+01   4.4425100e+01   7.2653135e-04   1.0093111e-03   4.7166648e-05   5.2875745e-05   1.6205805e-05  -2.3114980e-04   9.0597555e-04   5.5988078e-04   1.2602899e-10  -8.7483833e-09
   1.6200000e+02             NaN   1.2228200e+01   4.4412000e+01   7.3312477e-04   1.0175261e-03   4.7215155e-05   5.3082025e-05   6.2373703e-06  -2.6606509e-04   5.2511070e-04   1.3116355e-03   1.3739521e-10   8.0797763e-11
   1.6300000e+02             NaN   1.2206300e+01   4.4424500e+01   7.2685146e-04   1.0101828e-03   4.7168858e-05   5.2897471e-05  -4.1021231e-06  -1.6085411e-04   5.2042536e-04   9.4664753e-04   1.2672936e-10   4.5968724e-09
   1.6400000e+02             NaN   1.0668100e+01   4.4690400e+01   5.8499497e-04   4.9415267e-04   4.6783508e-05   4.8176191e-05  -1.2130560e-04   7.2912182e-05   5.5673163e-04   6.4334945e-04  -8.1323432e-12  -4.4891033e-09
   1.6500000e+02             NaN   1.0586600e+01   4.4694600e+01   5.8249752e-04   4.6679840e-04   4.6786627e-05   4.8424992e-05  -8.4175445e-05   1.1953647e-04   3.8926379e-04   1.1785503e-03  -5.4736680e-12  -6.6825977e-09
   1.6600000e+02             NaN   1.0645700e+01   4.4713400e+01   5.7380740e-04   4.8663391e-04   4.6803249e-05   4.8239513e-05  -9.4237637e-06  -2.9536919e-05   6.3759885e-04   3.9280276e-04  -3.1254585e-12  -1.4295667e-09
   1.6700000e+02             NaN   1.0605200e+01   4.4682300e+01   5.8851552e-04   4.7304161e-04   4.6778685e-05   4.8363837e-05   1.1837603e-05   8.0942255e-07   4.6652069e-04   6.5775611e-04  -8.5858701e-12   3.4659643e-09
   1.6800000e+02             NaN   1.0667700e+01   4.4681400e+01   5.8931766e-04   4.9401868e-04   4.6778047e-05   4.8177315e-05   2.3960403e-07   1.2558862e-04   2.1462563e-04   6.2023651e-04  -9.7952475e-12  -3.1054806e-10
   1.6900000e+02             NaN   1.2865000e+01   4.2408800e+01   1.7028777e-03   1.2311811e-03   7.6830359e-05   5.9532512e-05   6.5016777e-04   9.5965163e-04   9.9274583e-04   4.6726695e-04   2.1568641e-09   1.9426048e-10
   1.7000000e+02             NaN   1.2858800e+01   4.2405600e+01   1.7043219e-03   1.2291036e-03   7.6897004e-05   5.9460908e-05   5.8764895e-04   1.0771657e-03   4.0999655e-04   6.8854266e-04   2.1525356e-09   3.8205295e-09
   1.7100000e+02             NaN   1.2866900e+01   4.2390500e+01   1.7116754e-03   1.2318191e-03   7.7224251e-05   5.9554553e-05   5.1408479e-04   1.0802672e-03   2.3067431e-04   1.1306138e-03   2.1767769e-09  -5.4150466e-10
   1.7200000e+02             NaN   1.2856400e+01   4.2387200e+01   1.7131055e-03   1.2283006e-03   7.7291830e-05   5.9433292e-05   5.0059969e-04   9.7610830e-04   7.1159719e-04   1.1116111e-03   2.1673073e-09   2.0582025e-09
   1.7300000e+02             NaN   1.2867000e+01   4.2412300e+01   1.7012292e-03   1.2318510e-03   7.6755937e-05   5.9555634e-05   5.3768114e-04   1.0107421e-03   7.7114317e-04   2.6605078e-04   2.1558767e-09   2.0018468e-09
   1.7400000e+02             NaN   1.2588400e+01   4.4077300e+01   8.9854113e-04   1.1382921e-03   4.9326841e-05   5.6487381e-05   9.6813437e-05  -1.3496647e-04   1.2370366e-03   2.7557315e-04   4.6090004e-10  -4.0143087e-09
   1.7500000e+02             NaN   1.2561100e+01   4.4083600e+01   8.9514229e-04   1.1291417e-03   4.9269792e-05   5.6206398e-05   5.5097190e-05  -3.3005030e-05   5.4469331e-04   8.5142542e-04   4.4722509e-10   7.0972627e-10
   1.7600000e+02             NaN   1.2555900e+01   4.4088800e+01   8.9257498e-04   1.1273985e-03   4.9225063e-05   5.6153266e-05   1.0876201e-04  -1.5497464e-04   7.1300599e-04   8.0129682e-04   4.4143370e-10  -1.2283777e-09
   1.7700000e+02             NaN   1.2576900e+01   4.4057400e+01   9.0793602e-04   1.1344391e-03   4.9499617e-05   5.6368662e-05   2.0917677e-04  -8.8574755e-05   5.3319461e-04   4.0659008e-04   4.7345589e-10   1.4050521e-09
   1.7800000e+02             NaN   1.2578400e+01   4.4089900e+01   8.9235492e-04   1.1349396e-03   4.9218225e-05   5.6384013e-05   1.3815742e-04  -3.7914000e-05   1.5132668e-04   1.2345984e-03   4.4749069e-10  -2.7068275e-09
   1.7900000e+02             NaN   1.1765700e+01   4.5064000e+01   4.1460421e-04   8.6239854e-04   4.8094814e-05   4.9805883e-05  -1.6674185e-04  -5.0745681e-04   1.4556018e-03   5.9297222e-05  -1.7645566e-10   5.7008817e-10
   1.8000000e+02             NaN   1.1771700e+01   4.5064300e+01   4.1452386e-04   8.6441086e-04   4.8096440e-05   4.9839474e-05  -1.5820668e-04  -6.6491903e-04   5.7938202e-05   4.9473057e-04  -1.7785478e-10  -4.6328808e-10
   1.8100000e+02             NaN   1.1799500e+01   4.5054900e+01   4.1933783e-04   8.7373507e-04   4.8036320e-05   4.9998358e-05  -1.3510393e-04  -5.2459524e-04   9.3744947e-04   2.0640564e-04  -1.7997006e-10   3.1466471e-09
   1.8200000e+02             NaN   1.1810600e+01   4.5071400e+01   4.1152967e-04   8.7745694e-04   4.8139901e-05   5.0063207e-05  -1.4133998e-04  -6.3554100e-04   8.3411321e-05   1.2834762e-03  -1.8908800e-10  -2.0054933e-10
   1.8300000e+02             NaN   1.1782800e+01   4.5081600e+01   4.0632995e-04   8.6813279e-04   4.8207561e-05   4.9902219e-05  -1.8331328e-04  -6.1502223e-04   2.4634410e-04   4.6584287e-04  -1.8710886e-10  -8.9106487e-11
   1.8400000e+02             NaN   8.4605000e+00   4.4301900e+01   7.6835601e-04  -2.4696634e-04   4.7857285e-05   6.8732896e-05   1.0734436e-05   1.0597917e-03   1.3179711e-03   2.6368433e-04  -5.1847059e-10   1.7383566e-09
   1.8500000e+02             NaN   8.4934000e+00   4.4310400e+01   7.6417504e-04  -2.3592114e-04   4.7805036e-05   6.8276759e-05   1.0615037e-04   1.0300307e-03   5.8505014e-04   2.5753247e-04  -4.9981845e-10   2.0415196e-09
   1.8600000e+02             NaN   8.4919000e+00   4.4315600e+01   7.6168061e-04  -2.3642464e-04   4.7776413e-05   6.8297471e-05   2.0054657e-05   9.9830387e-04   9.7091532e-04   4.5819961e-04  -4.9326779e-10  -5.8494501e-09
   1.8700000e+02             NaN   8.4897000e+00   4.4314500e+01   7.6221552e-04  -2.3716324e-04   4.7782752e-05   6.8327894e-05  -4.3822218e-05   1.1321991e-03   1.2671229e-03   1.8713002e-04  -4.9520345e-10   2.1717417e-09
   1.8800000e+02             NaN   8.4866000e+00   4.4308400e+01   7.6515568e-04  -2.3820405e-04   4.7817092e-05   6.8370804e-05  -7.7630586e-05   1.1052274e-03   1.1022927e-03   1.3637754e-04  -5.0396906e-10   2.2177853e-09
   1.8900000e+02             NaN   1.3683900e+01   4.2660000e+01   1.5956429e-03   1.5054153e-03   7.1874326e-05   7.0150996e-05   4.6956463e-04   5.8357216e-04   5.0978674e-04   1.3601809e-03   2.7939733e-09  -6.2756654e-09
   1.9000000e+02             NaN   1.3685800e+01   4.2654700e+01   1.5982160e-03   1.5060518e-03   7.1984100e-05   7.0177929e-05   4.0442334e-04   5.9836130e-04   1.2390315e-03   1.7351196e-04   2.8034136e-09  -6.0364556e-09
   1.9100000e+02             NaN   1.3686600e+01   4.2653500e+01   1.5988052e-03   1.5063197e-03   7.2009141e-05   7.0189267e-05   5.2484008e-04   5.3446596e-04   1.5278559e-04   1.4027801e-03   2.8059555e-09  -7.1004542e-09
   1.9200000e+02             NaN   1.3710100e+01   4.2654900e+01   1.5985526e-03   1.5141863e-03   7.1991192e-05   7.0522883e-05   5.2509995e-04   5.5524391e-04   4.0150639e-04   5.4255970e-04   2.8296061e-09   5.2349051e-09
   1.9300000e+02             NaN   1.3697300e+01   4.2652600e+01   1.5994265e-03   1.5099017e-03   7.2032575e-05   7.0341009e-05   4.3041225e-04   5.4423931e-04   5.2885047e-04   6.4684033e-04   2.8188750e-09  -8.2054295e-10
   1.9400000e+02             NaN   1.2671100e+01   4.2564200e+01   1.6255947e-03   1.1661347e-03   7.3478164e-05   5.7365893e-05   4.9271658e-04   1.0530002e-03   7.4518530e-05   5.7296289e-04   1.7917376e-09   1.1494841e-09
   1.9500000e+02             NaN   7.7035000e+00   4.5113300e+01   3.8187787e-04  -5.0106890e-04   4.8135207e-05   7.9901676e-05  -1.9813529e-04   6.5562659e-04   1.4551014e-04   1.0804769e-03   7.0714318e-10   6.9016210e-11
   1.9600000e+02             NaN   7.7429000e+00   4.5070000e+01   4.0245064e-04  -4.8784636e-04   4.7879476e-05   7.9293115e-05  -1.5804080e-04   6.9371914e-04   1.2935106e-04   7.1905947e-04   6.2630968e-10   2.6289141e-10
   1.9700000e+02             NaN   7.6573000e+00   4.5120100e+01   3.7889909e-04  -5.1657445e-04   4.8170282e-05   8.0618718e-05  -8.8441794e-05   7.8477966e-04   6.3202936e-04   3.2783786e-04   7.2676533e-10  -5.6695129e-09
   1.9800000e+02             NaN   7.6927000e+00   4.5032300e+01   4.2087811e-04  -5.0469605e-04   4.7665587e-05   8.0069373e-05  -1.2990502e-04   8.2020095e-04   7.0528766e-04   1.0243797e-03   5.6798092e-10  -5.3365342e-11
   1.9900000e+02             NaN   7.6692000e+00   4.5073800e+01   4.0107816e-04  -5.1258197e-04   4.7889356e-05   8.0433905e-05  -1.0213595e-04   8.3390197e-04   5.5143823e-04   1.2455357e-03   6.4361723e-10  -6.7926631e-09
   2.0000000e+02             NaN   1.2257500e+01   4.5646900e+01   1.4028508e-04   1.0272765e-03   5.3948073e-05   5.3329355e-05  -2.9433942e-04  -1.2076407e-03   8.3014083e-04   6.7832323e-04  -6.5661975e-10   3.1416907e-09
   2.0100000e+02             NaN   1.2244800e+01   4.5681600e+01   1.2345083e-04   1.0230169e-03   5.4424590e-05   5.3219816e-05  -1.8566971e-04  -1.1102512e-03   1.0880073e-03   5.7815724e-04  -6.7230796e-10  -7.4461689e-09
   2.0200000e+02             NaN   1.2240600e+01   4.5689000e+01   1.1984189e-04   1.0216084e-03   5.4528009e-05   5.3183802e-05  -2.3783692e-04  -1.1853777e-03   2.7533469e-04   5.4937533e-04  -6.7479698e-10   9.5836536e-10
   2.0300000e+02             NaN   1.2213800e+01   4.5663800e+01   1.3161062e-04   1.0126253e-03   5.4184266e-05   5.2956581e-05  -2.3226912e-04  -1.2331753e-03   2.1926733e-04   1.2868822e-03  -6.4477354e-10  -2.0730733e-09
   2.0400000e+02             NaN   1.2240100e+01   4.5671400e+01   1.2829185e-04   1.0214419e-03   5.4284541e-05   5.3179579e-05  -2.2697353e-04  -1.1564563e-03   1.0982650e-03   6.7323295e-05  -6.6331917e-10   9.8636085e-10
   2.0500000e+02             NaN   1.3780000e+01   4.5648800e+01   1.6365815e-04   1.5372510e-03   5.3607650e-05   7.1507521e-05  -1.5456582e-04  -1.6386447e-03   1.2952180e-03   6.3785284e-04  -1.4099889e-09   1.2293572e-08
   2.0600000e+02             NaN   1.3758500e+01   4.5649900e+01   1.6271992e-04   1.5300560e-03   5.3629232e-05   7.1198739e-05  -2.1769808e-04  -1.5909455e-03   1.0040203e-03   5.1763618e-04  -1.4014505e-09   1.0326253e-08
   2.0700000e+02             NaN   1.3798100e+01   4.5672000e+01   1.5286792e-04   1.5433059e-03   5.3911477e-05   7.1768198e-05  -1.7490613e-04  -1.5441826e-03   3.1758835e-04   5.1929976e-04  -1.4521491e-09   2.0180099e-09
   2.0800000e+02             NaN   1.3794300e+01   4.5645400e+01   1.6556417e-04   1.5420367e-03   5.3558027e-05   7.1713500e-05  -1.9069405e-04  -1.6812779e-03   4.6282786e-04   5.3695317e-04  -1.4117780e-09   2.4952601e-09
   2.0900000e+02             NaN   1.3773900e+01   4.5628900e+01   1.7309457e-04   1.5352115e-03   5.3348266e-05   7.1419889e-05  -1.5385179e-04  -1.4916190e-03   5.5390518e-04   1.5559708e-04  -1.3784995e-09  -8.8859471e-10
   2.1000000e+02             NaN   1.3246000e+01   4.6069300e+01  -4.7899056e-05   1.3584777e-03   6.0204844e-05   6.4192327e-05  -4.1061502e-04  -1.7112190e-03   6.3676993e-04   1.0028381e-04  -1.6428380e-09  -1.0801329e-09
   2.1100000e+02             NaN   1.3245300e+01   4.6031300e+01  -2.9661406e-05   1.3582463e-03   5.9562611e-05   6.4183419e-05  -2.7856656e-04  -1.7219469e-03   6.1617567e-04   1.0792458e-03  -1.5981775e-09   2.2046965e-09
   2.1200000e+02             NaN   1.3270600e+01   4.6059800e+01  -4.2916762e-05   1.3667163e-03   6.0034800e-05   6.4511402e-05  -2.7473495e-04  -1.7326373e-03   8.2568048e-04   6.4530008e-05  -1.6490848e-09  -9.7050695e-10
   2.1300000e+02             NaN   1.3226900e+01   4.6047800e+01  -3.7897844e-05   1.3520832e-03   5.9846460e-05   6.3946031e-05  -3.9819753e-04  -1.7285251e-03   9.5147267e-04   8.6723915e-04  -1.6045234e-09   9.2734261e-09
   2.1400000e+02             NaN   1.3227000e+01   4.6083200e+01  -5.4897268e-05   1.3521139e-03   6.0449025e-05   6.3947185e-05  -2.3906673e-04  -1.7926645e-03   3.8386299e-04   6.0214905e-04  -1.6453975e-09   2.3653871e-09
   2.1500000e+02             NaN   1.2334400e+01   4.5468100e+01   2.2718220e-04   1.0530641e-03   5.1694312e-05   5.4011495e-05  -1.9677111e-04  -1.0307994e-03   4.2895973e-04   3.4920041e-04  -5.7320273e-10  -1.7834752e-10
   2.1600000e+02             NaN   1.2287400e+01   4.5387500e+01   2.6529589e-04   1.0373135e-03   5.0808256e-05   5.3591243e-05  -1.7370863e-04  -1.0352119e-03   4.6022628e-04   2.3951657e-04  -5.0025363e-10  -3.6660193e-10
   2.1700000e+02             NaN   1.2253600e+01   4.5395700e+01   2.6092451e-04   1.0259819e-03   5.0899594e-05   5.3296321e-05  -9.4840070e-05  -8.9574510e-04   5.3173736e-05   1.2789795e-03  -4.9283196e-10   7.2633880e-10
   2.1800000e+02             NaN   1.2307300e+01   4.5410500e+01   2.5450257e-04   1.0439832e-03   5.1052487e-05   5.3767745e-05  -1.9970521e-04  -9.8644956e-04   3.8318533e-04   7.0344642e-04  -5.2318316e-10  -1.6057473e-09
   2.1900000e+02             NaN   1.2268800e+01   4.5492800e+01   2.1446754e-04   1.0310717e-03   5.1991926e-05   5.3427847e-05  -2.9236906e-04  -1.1202871e-03   8.2772640e-04   1.2037808e-03  -5.6192404e-10  -5.4322575e-10
   2.2000000e+02             NaN   8.4039000e+00   4.5316700e+01   2.8078147e-04  -2.6595718e-04   4.9884861e-05   6.9521357e-05  -1.6372714e-04   3.0156142e-04   5.4608282e-05   1.4816507e-03   8.5822388e-10  -2.9041510e-09
   2.2100000e+02             NaN   8.4269000e+00   4.5321800e+01   2.7825509e-04  -2.5823602e-04   4.9937876e-05   6.9198841e-05  -2.8530701e-04   3.9501357e-04   1.0876629e-03   9.1274350e-04   8.5819250e-10   5.5961457e-09
   2.2200000e+02             NaN   8.4081000e+00   4.5319300e+01   2.7951775e-04  -2.6454721e-04   4.9910240e-05   6.9462356e-05  -2.7074513e-04   4.1526179e-04   3.2791820e-04   7.7042952e-04   8.6050988e-10  -5.8593986e-10
   2.2300000e+02             NaN   8.4328000e+00   4.5322500e+01   2.7789980e-04  -2.5625538e-04   4.9945764e-05   6.9116328e-05  -1.5309295e-04   3.9493349e-04   1.2355290e-03   6.0364364e-04   8.5733795e-10  -1.0453449e-08
   2.2400000e+02             NaN   8.4171000e+00   4.5329400e+01   2.7463290e-04  -2.6152576e-04   5.0008127e-05   6.9336057e-05  -3.0033674e-04   4.0179487e-04   8.5359093e-04   4.4644309e-04   8.7153730e-10   1.8922111e-09
   2.2500000e+02             NaN   1.0997200e+01   4.5430100e+01   2.3170445e-04   6.0457292e-04   5.1354341e-05   4.7688346e-05  -1.9998648e-04  -4.9205946e-04   7.9923125e-05   9.1685970e-04  -5.4390344e-12   9.7330111e-10
   2.2600000e+02             NaN   1.0975500e+01   4.5431300e+01   2.3096604e-04   5.9729122e-04   5.1367778e-05   4.7694407e-05  -1.8879512e-04  -6.2248102e-04   6.4154519e-04   2.0567332e-04   3.4666188e-12  -9.6911020e-10
   2.2700000e+02             NaN   1.0965800e+01   4.5410400e+01   2.4094037e-04   5.9403699e-04   5.1136280e-05   4.7698368e-05  -1.4978204e-04  -6.2394368e-04   2.9407739e-04   4.9721904e-04   6.8196293e-12  -2.6294140e-09
   2.2800000e+02             NaN   1.0946100e+01   4.5427400e+01   2.3262483e-04   5.8742575e-04   5.1324121e-05   4.7708514e-05  -1.6332532e-04  -5.4210536e-04   1.7515256e-04   6.6294940e-04   1.5354243e-11   7.3931607e-10
   2.2900000e+02             NaN   1.1007000e+01   4.5460700e+01   2.1706974e-04   6.0786029e-04   5.1702123e-05   4.7686732e-05  -1.5744762e-04  -6.9989627e-04   6.2346271e-04   9.1651484e-04  -9.1986940e-12  -3.2331522e-09
   2.3000000e+02             NaN   1.1515200e+01   4.5558600e+01   1.7438653e-04   7.7835673e-04   5.2871111e-05   4.8628857e-05  -1.8154000e-04  -8.8739472e-04   7.2657422e-04   6.5308246e-04  -2.5016914e-10   1.3275053e-10
   2.3100000e+02             NaN   1.1546400e+01   4.5571700e+01   1.6839436e-04   7.8882191e-04   5.3035605e-05   4.8750614e-05  -1.8621401e-04  -9.3806590e-04   6.0142865e-05   6.3972259e-04  -2.6856327e-10  -1.1946275e-10
   2.3200000e+02             NaN   1.1560400e+01   4.5523800e+01   1.9155232e-04   7.9352024e-04   5.2435462e-05   4.8807724e-05  -1.8390950e-04  -8.3335337e-04   1.1916266e-03   1.7775538e-04  -2.6181847e-10   2.4571288e-09
   2.3300000e+02             NaN   1.1530800e+01   4.5520500e+01   1.9284856e-04   7.8359140e-04   5.2396889e-05   4.8688967e-05  -3.0586815e-04  -8.0095999e-04   5.4023522e-04   6.6306217e-04  -2.4743886e-10   1.3073430e-09
   2.3400000e+02             NaN   1.1532800e+01   4.5563800e+01   1.7205821e-04   7.8426029e-04   5.2935886e-05   4.8696666e-05  -1.7503539e-04  -8.3718578e-04   9.6079573e-04   1.9842605e-04  -2.5990894e-10   2.9437567e-09
