   1.0000000e+00             NaN   1.6894600e+01   4.1141700e+01   6.5174595e-04   6.4703481e-04   1.0300269e-04   1.3878158e-04  -2.0003860e-04  -2.4036213e-04   5.4134860e-04   1.2751361e-03   1.5028163e-09  -1.2035999e-08
   2.0000000e+00             NaN   1.6895600e+01   4.1096700e+01   6.5079184e-04   6.4701287e-04   1.0010196e-04   1.3875850e-04  -3.4575399e-04  -2.0607450e-04   6.3358652e-04   2.4992031e-04   1.3053150e-09   4.2818426e-09
   3.0000000e+00             NaN   1.6885700e+01   4.1110700e+01   6.5101778e-04   6.4724631e-04   1.0096357e-04   1.3899446e-04  -2.4595115e-04  -3.2860990e-04   4.8727436e-04   1.0759733e-03   1.4116893e-09  -5.1597953e-10
   4.0000000e+00             NaN   1.6890600e+01   4.1100100e+01   6.5082752e-04   6.4713091e-04   1.0030748e-04   1.3887661e-04  -3.8084655e-04  -2.2333148e-04   1.0075129e-04   1.3073702e-03   1.3424532e-09  -3.9870538e-10
   5.0000000e+00             NaN   1.6896300e+01   4.1144600e+01   6.5182049e-04   6.4699453e-04   1.0320224e-04   1.3874175e-04  -2.0593265e-04  -2.4257779e-04   1.2723450e-03   6.6056777e-04   1.5062780e-09   1.6050038e-09
   6.0000000e+00             NaN   1.6272400e+01   4.1326000e+01   6.5100608e-04   6.6169489e-04   1.1790657e-04   1.6832083e-04   8.4007519e-04   7.1707277e-04   2.8610620e-04   8.2313018e-04   7.4645716e-09  -2.9796679e-09
   7.0000000e+00             NaN   1.6289200e+01   4.1305100e+01   6.5068981e-04   6.6130072e-04   1.1597242e-04   1.6719836e-04   6.8116816e-04   6.5496856e-04   1.1601706e-04   1.1747574e-03   7.0210297e-09  -9.9485419e-09
   8.0000000e+00             NaN   1.6264600e+01   4.1305000e+01   6.5050090e-04   6.6187907e-04   1.1594591e-04   1.6884709e-04   7.7548949e-04   7.4737718e-04   5.8199789e-04   4.8984744e-04   7.2129673e-09  -3.7991533e-09
   9.0000000e+00             NaN   1.6278000e+01   4.1308500e+01   6.5067700e-04   6.6156391e-04   1.1627764e-04   1.6794519e-04   7.0649579e-04   7.1379541e-04   5.0319972e-04   3.9108038e-04   7.1594651e-09   2.1284209e-09
   1.0000000e+01             NaN   1.6283800e+01   4.1307000e+01   6.5068917e-04   6.6142761e-04   1.1614344e-04   1.6755764e-04   8.5028559e-04   6.5271959e-04   1.0589294e-03   2.6676568e-04   7.0914533e-09  -4.9485462e-09
   1.1000000e+01             NaN   1.7931300e+01   4.0636600e+01   6.4838300e-04   6.2244893e-04   9.6132512e-05   1.6255690e-04   1.2382882e-03   1.2293632e-03   7.2126437e-04   1.6725026e-04   2.8651873e-09  -2.0710572e-09
   1.2000000e+01             NaN   1.7933700e+01   4.0634100e+01   6.4834588e-04   6.2239181e-04   9.6247001e-05   1.6270722e-04   1.2341080e-03   1.3060181e-03   9.8688461e-05   8.9251133e-04   2.9071781e-09  -2.7653638e-09
   1.3000000e+01             NaN   1.7950700e+01   4.0624700e+01   6.4826244e-04   6.2198693e-04   9.6692324e-05   1.6378106e-04   1.2564563e-03   1.3641850e-03   6.2597879e-04   1.7463277e-04   3.0965228e-09  -1.3734800e-10
   1.4000000e+01             NaN   1.7958200e+01   4.0628500e+01   6.4839739e-04   6.2180801e-04   9.6515131e-05   1.6425975e-04   1.2701474e-03   1.2913543e-03   7.4929047e-04   4.9445034e-04   3.0717578e-09   4.5496648e-10
   1.5000000e+01             NaN   1.7924700e+01   4.0641700e+01   6.4844670e-04   6.2260605e-04   9.5902576e-05   1.6214516e-04   1.3884249e-03   1.2533425e-03   2.5979564e-04   9.6512810e-04   2.7743472e-09  -7.6000209e-09
   1.6000000e+01             NaN   1.5577200e+01   4.1468600e+01   6.4867633e-04   6.7799008e-04   1.3160084e-04   2.2433673e-04  -3.2909350e-04  -2.8827736e-04   2.3270750e-04   4.7735627e-04   1.6872697e-08   8.0091108e-09
   1.7000000e+01             NaN   1.5567400e+01   4.1448600e+01   6.4817782e-04   6.7821985e-04   1.2945205e-04   2.2522556e-04  -2.4403041e-04  -3.0274993e-04   1.7876405e-04   1.1409698e-03   1.6434951e-08  -2.8082071e-08
   1.8000000e+01             NaN   1.5560300e+01   4.1467000e+01   6.4851060e-04   6.7838501e-04   1.3140379e-04   2.2587032e-04  -3.5275415e-04  -2.7752478e-04   1.3758253e-04   9.5547764e-04   1.7002847e-08  -1.5915425e-08
   1.9000000e+01             NaN   1.5563700e+01   4.1473200e+01   6.4866796e-04   6.7830533e-04   1.3207642e-04   2.2556123e-04  -3.4686753e-04  -3.3552730e-04   3.9695631e-04   4.4856373e-04   1.7135341e-08   7.5274535e-09
   2.0000000e+01             NaN   1.5550700e+01   4.1455500e+01   6.4819300e-04   6.7860975e-04   1.3015987e-04   2.2674425e-04  -1.8187635e-04  -2.7657767e-04   6.6154163e-04   5.8785490e-04   1.6788190e-08  -9.7003260e-09
   2.1000000e+01             NaN   1.8182200e+01   4.0346700e+01   6.4386219e-04   6.1647657e-04   1.1701375e-04   1.7984576e-04  -8.8738434e-04  -7.5329995e-04   4.5879513e-04   5.8814128e-04   8.8785931e-09  -9.0511958e-09
   2.2000000e+01             NaN   1.8164800e+01   4.0334600e+01   6.4347880e-04   6.1689252e-04   1.1813426e-04   1.7855384e-04  -9.3521605e-04  -7.2476102e-04   1.2285499e-04   6.5719727e-04   8.9401466e-09  -1.1545483e-09
   2.3000000e+01             NaN   1.8177800e+01   4.0341400e+01   6.4371662e-04   6.1658184e-04   1.1750523e-04   1.7951791e-04  -9.1902200e-04  -8.2337618e-04   5.9394806e-04   6.2323897e-04   8.9342371e-09  -1.6071146e-08
   2.4000000e+01             NaN   1.8148300e+01   4.0351500e+01   6.4373097e-04   6.1728590e-04   1.1653974e-04   1.7734018e-04  -7.5957098e-04  -7.7648660e-04   4.9635390e-04   7.7399767e-04   8.5070792e-09  -5.8019484e-09
   2.5000000e+01             NaN   1.8178500e+01   4.0363700e+01   6.4420546e-04   6.1656432e-04   1.1544462e-04   1.7956979e-04  -7.5473517e-04  -6.4879582e-04   2.9124283e-04   5.5944361e-04   8.5476806e-09  -2.0469298e-09
   2.6000000e+01             NaN   1.6601600e+01   4.0677100e+01   6.3968006e-04   6.5400913e-04   9.4402943e-05   1.4928855e-04  -8.0070096e-04  -7.6681806e-04   2.3664324e-04   1.2290360e-03  -1.2856357e-09  -5.4561457e-10
   2.7000000e+01             NaN   1.6615500e+01   4.0665700e+01   6.3953894e-04   6.5368181e-04   9.4826397e-05   1.4863852e-04  -6.7379540e-04  -8.4339382e-04   1.3498026e-04   5.8432337e-04  -1.3507036e-09  -7.5315381e-10
   2.8000000e+01             NaN   1.6612000e+01   4.0676800e+01   6.3975070e-04   6.5376392e-04   9.4412185e-05   1.4880081e-04  -7.5174626e-04  -7.5086128e-04   3.4418345e-04   5.7719031e-04  -1.2598489e-09   1.9451179e-09
   2.9000000e+01             NaN   1.6605800e+01   4.0680600e+01   6.3978613e-04   6.5390997e-04   9.4277433e-05   1.4909060e-04  -6.5921281e-04  -7.6909968e-04   2.4299756e-04   1.3857317e-03  -1.2418577e-09   3.6660929e-09
   3.0000000e+01             NaN   1.6602100e+01   4.0658300e+01   6.3928122e-04   6.5399805e-04   9.5120344e-05   1.4926508e-04   8.2024684e-07   1.2497011e-04   7.7137696e-04   1.0235702e-03  -1.4587176e-09   1.0984751e-09
   3.1000000e+01             NaN   1.7283300e+01   4.0459700e+01   6.3994988e-04   6.3785999e-04   1.0693747e-04   1.3669130e-04   1.1989412e-04   1.5216960e-05   1.9506184e-04   1.0809622e-03   1.0608371e-09  -5.8481089e-09
   3.2000000e+01             NaN   1.7257000e+01   4.0468600e+01   6.3995230e-04   6.3848317e-04   1.0625346e-04   1.3638208e-04   1.0918177e-04  -3.6775556e-05   5.6753346e-04   7.5008933e-04   8.7596176e-10  -1.0833904e-08
   3.3000000e+01             NaN   1.7269900e+01   4.0459400e+01   6.3984696e-04   6.3817770e-04   1.0695921e-04   1.3652567e-04   1.3939661e-04   1.0442508e-04   6.3848187e-04   9.0480174e-04   9.7584680e-10  -3.6747620e-09
   3.4000000e+01             NaN   1.7279500e+01   4.0461900e+01   6.3996995e-04   6.3795001e-04   1.0676749e-04   1.3664260e-04   1.5757939e-04   1.0253418e-04   8.4242029e-04   2.3437912e-04   1.0315498e-09  -4.7656749e-09
   3.5000000e+01             NaN   1.7277500e+01   4.0462200e+01   6.3996202e-04   6.3799742e-04   1.0674420e-04   1.3661752e-04  -7.6503670e-04  -6.7933341e-04   1.5037676e-04   6.5146152e-04   1.0181727e-09  -2.2563178e-09
