   8.0481000e+00   4.5560700e+01   4.8051700e+02   1.6400000e-01  -1.2600000e-01   3.5300000e-01   4.3600000e-01   0.0000000e+00
   1.1113100e+01   4.4122200e+01   9.0120100e+02   7.4800000e-01   1.9460000e+00   5.3400000e-01   8.1300000e-01   0.0000000e+00
   1.3124000e+01   4.3112000e+01   4.9871500e+02   1.7410000e+00   2.8670000e+00   6.0200000e-01   5.4600000e-01   0.0000000e+00
   1.2435000e+01   4.6008300e+01   9.6593100e+02   3.5000000e-02   1.8170000e+00   5.0600000e-01   5.8000000e-01   0.0000000e+00
   9.0956000e+00   4.5802200e+01   2.9229200e+02  -5.9000000e-02   7.5000000e-02   3.3300000e-01   3.6900000e-01   0.0000000e+00
   8.9211000e+00   4.4419400e+01   1.5553000e+02   7.1800000e-01   3.5800000e-01   3.4900000e-01   4.0600000e-01   0.0000000e+00
   7.6394000e+00   4.5015100e+01   3.1661500e+02   3.1100000e-01   1.2800000e-01   3.7200000e-01   4.4400000e-01   0.0000000e+00
   1.3435600e+01   4.5924500e+01   1.6570300e+02  -5.8300000e-01   3.0030000e+00   5.1000000e-01   6.3100000e-01   0.0000000e+00
   1.1646800e+01   4.4520000e+01   5.0025000e+01   3.2700000e-01   3.2610000e+00   9.9400000e-01   4.7600000e-01   0.0000000e+00
   1.3123500e+01   4.3503200e+01   1.7496000e+02   1.1470000e+00   3.0160000e+00   5.4200000e-01   5.4700000e-01   0.0000000e+00
   7.9272000e+00   4.5073900e+01   4.6446000e+02   6.4400000e-01  -1.3500000e-01   3.1800000e-01   3.9300000e-01   0.0000000e+00
   1.1646500e+01   4.4520000e+01   4.9308000e+01   1.5550000e+00   2.4690000e+00   4.2100000e-01   4.3000000e-01   0.0000000e+00
   8.6140000e+00   4.5447200e+01   2.1857200e+02  -2.2300000e-01   2.3000000e-02   4.0400000e-01   4.6500000e-01   0.0000000e+00
   7.7653000e+00   4.5041500e+01   6.5880600e+02   4.1600000e-01  -8.8700000e-01   4.1300000e-01   4.5700000e-01   0.0000000e+00
   1.1896100e+01   4.5411200e+01   6.4712000e+01   3.5100000e-01   3.0040000e+00   4.9400000e-01   7.1300000e-01   0.0000000e+00
   1.0312200e+01   4.4764600e+01   1.2182700e+02   5.6100000e-01   2.2660000e+00   3.2500000e-01   3.8800000e-01   0.0000000e+00
   9.1361000e+00   4.5203000e+01   1.4365200e+02   3.7000000e-02   8.8700000e-01   4.0400000e-01   3.1800000e-01   0.0000000e+00
   1.2703500e+01   4.2955700e+01   3.0658500e+02   1.5090000e+00   2.8500000e+00   4.4400000e-01   4.4900000e-01   0.0000000e+00
   1.3093100e+01   4.2792800e+01   6.6906800e+02   1.4570000e+00   2.0520000e+00   4.9100000e-01   4.4800000e-01   0.0000000e+00
   1.1782800e+01   4.5086600e+01   6.2801000e+01  -4.7400000e-01   1.2670000e+00   3.5600000e-01   4.7900000e-01   0.0000000e+00
   1.0919800e+01   4.5051000e+01   6.2447000e+01  -5.3500000e-01   1.4830000e+00   3.1400000e-01   3.4600000e-01   0.0000000e+00
   1.1677300e+01   4.5342800e+01   2.0341100e+02  -5.3800000e-01   2.6030000e+00   3.7800000e-01   4.2000000e-01   0.0000000e+00
   7.6613000e+00   4.5063400e+01   3.1073900e+02   2.2700000e-01  -2.2400000e-01   4.1600000e-01   3.9700000e-01   0.0000000e+00
   1.2256500e+01   4.5663900e+01   6.1346000e+01   6.3000000e-02   1.8550000e+00   3.8500000e-01   3.7700000e-01   0.0000000e+00
   1.2328600e+01   4.3311200e+01   3.0571900e+02   5.8100000e-01   1.5730000e+00   4.3400000e-01   4.0400000e-01   0.0000000e+00
   1.1910900e+01   4.5384600e+01   5.4452000e+01   2.7500000e-01   1.8450000e+00   3.3800000e-01   3.7200000e-01   0.0000000e+00
