8.5937 44.9197 95.0 4.3837328e-01 4.2450552e-01 -6.3144340e-01 1.2841508e-01 0.0000000e+00
8.6182 44.9244 95.0 2.6746392e-01 2.8048237e-01 -6.0170866e-01 -1.0244742e-01 0.0000000e+00
8.6281 44.8918 95.0 3.6401147e-01 3.6741738e-01 8.1961375e-01 9.9598782e-01 0.0000000e+00
8.6102 44.9047 95.0 3.2333234e-01 4.3104543e-01 -1.8607932e-01 1.2768822e+00 0.0000000e+00
8.6160 44.9218 95.0 3.9962346e-01 3.7800245e-01 -8.5091007e-01 7.3497605e-01 0.0000000e+00
13.5304 43.6067 16.0 1.3559339e+00 1.4343428e+00 8.3965602e-01 2.4828397e-01 0.0000000e+00
13.4814 43.6179 16.0 1.4143434e+00 1.4330714e+00 -1.1207514e+00 -2.8316965e-01 0.0000000e+00
13.4778 43.6056 16.0 1.4542677e+00 1.3199765e+00 -3.4873870e-01 4.0783502e-01 0.0000000e+00
13.5097 43.6221 16.0 1.4119787e+00 1.4308551e+00 4.3714142e-03 -8.1684307e-01 0.0000000e+00
13.5024 43.5986 16.0 1.3734982e+00 1.3319802e+00 -6.3490950e-01 -1.1421868e+00 0.0000000e+00
13.5589 42.8496 154.0 1.9539803e+00 2.0195213e+00 -1.8135453e-01 6.8336541e-01 0.0000000e+00
13.5880 42.8440 154.0 1.9118977e+00 2.0527030e+00 5.4755819e-01 -1.1897069e+00 0.0000000e+00
13.5606 42.8683 154.0 1.9262448e+00 1.9457839e+00 -7.2637521e-02 8.0705104e-01 0.0000000e+00
13.5705 42.8660 154.0 2.0386618e+00 2.0297816e+00 -3.1947585e-01 -4.3391481e-01 0.0000000e+00
13.5685 42.8697 154.0 1.8512735e+00 1.9335110e+00 -5.8105881e-01 2.8583809e-01 0.0000000e+00
8.2246 44.9089 123.0 3.5295943e-01 3.5693211e-01 7.2169261e-01 1.2800845e-01 0.0000000e+00
8.2019 44.9145 123.0 4.2817754e-01 2.7069913e-01 -7.8502569e-01 2.6431647e-02 0.0000000e+00
8.1819 44.9060 123.0 3.9259080e-01 4.1040411e-01 9.9254384e-01 3.5551218e-01 0.0000000e+00
8.2011 44.9080 123.0 3.7520837e-01 2.9481508e-01 8.6809295e-01 -1.0701646e+00 0.0000000e+00
8.2280 44.9021 123.0 3.5898314e-01 3.3725695e-01 3.5288596e-01 3.8416178e-01 0.0000000e+00
9.6613 45.6834 249.0 -1.2830677e-01 -1.9557793e-01 4.4820561e-01 1.1763147e+00 0.0000000e+00
9.6792 45.6967 249.0 -2.6553862e-01 -1.5720980e-01 4.1622094e-01 -4.6508770e-01 0.0000000e+00
9.6668 45.6825 249.0 -2.2197435e-01 -1.2029321e-01 -4.1325190e-01 8.0405372e-01 0.0000000e+00
9.6566 45.6855 249.0 -1.1866760e-01 -1.1204588e-01 -4.8426641e-01 1.6884029e-01 0.0000000e+00
8.0577 45.5658 420.0 -4.7694698e-02 -1.9850284e-01 -3.9358295e-01 3.8932737e-01 0.0000000e+00
8.0551 45.5400 420.0 -1.1683817e-01 -2.4335519e-02 -8.8845696e-01 -1.1120159e+00 0.0000000e+00
8.0513 45.5579 420.0 -1.2107547e-01 -2.0643530e-01 2.8537145e-01 -1.3107248e+00 0.0000000e+00
8.0577 45.5643 420.0 -7.2334685e-02 -1.2918546e-01 -8.8117172e-01 -2.0848876e-01 0.0000000e+00
8.0811 45.5630 420.0 -1.8136415e-01 -1.0150953e-01 -2.7126879e-01 4.4795882e-01 0.0000000e+00
11.3186 44.5205 54.0 6.2887465e-01 6.3143637e-01 -4.7401989e-01 -5.8253415e-01 0.0000000e+00
11.3158 44.4939 54.0 6.7198425e-01 6.7393352e-01 -1.3005391e+00 1.3955745e-01 0.0000000e+00
11.3681 44.5154 54.0 6.0960203e-01 7.4292739e-01 2.9845216e-01 -1.3231403e+00 0.0000000e+00
11.3629 44.5239 54.0 7.4806896e-01 6.9979949e-01 1.0846264e+00 7.8068160e-01 0.0000000e+00
11.3365 44.4573 54.0 7.7503920e-01 8.2669033e-01 1.2439800e+00 -5.8217197e-01 0.0000000e+00
10.2145 45.5047 149.0 -4.3361261e-02 -5.7433633e-02 6.2747245e-01 9.5957252e-01 0.0000000e+00
10.1830 45.5455 149.0 2.7050870e-03 -4.1973934e-02 -1.2982808e+00 8.8357108e-02 0.0000000e+00
10.1787 45.5171 149.0 2.3759809e-02 2.0236599e-02 2.6013366e-01 -8.5508378e-01 0.0000000e+00
10.2045 45.5456 149.0 -6.8960363e-02 -1.3864633e-01 6.0080817e-01 -1.0224176e+00 0.0000000e+00
10.1902 45.5553 149.0 -1.6630278e-01 -1.6944814e-01 1.3481684e+00 4.9837017e-02 0.0000000e+00
14.1646 42.3661 330.0 2.3715085e+00 2.2754750e+00 -3.8744487e-01 6.1565493e-01 0.0000000e+00
14.1558 42.3556 330.0 2.2719584e+00 2.3594478e+00 -4.6082477e-01 7.0837911e-01 0.0000000e+00
14.1564 42.3372 330.0 2.3631102e+00 2.3302445e+00 8.2613748e-01 7.9401116e-01 0.0000000e+00
14.1511 42.3669 330.0 2.3883245e+00 2.3046071e+00 1.3323052e-02 9.1730822e-01 0.0000000e+00
14.1587 42.3442 330.0 2.3452858e+00 2.3064683e+00 -7.1701844e-01 3.4203744e-01 0.0000000e+00
9.0749 45.7878 201.0 -3.2755711e-01 -2.3676730e-01 -7.3502584e-01 -9.1557645e-01 0.0000000e+00
9.1040 45.7956 201.0 -3.3041266e-01 -3.4598740e-01 3.8204914e-01 1.1888635e+00 0.0000000e+00
9.1032 45.7975 201.0 -2.5353834e-01 -2.3588504e-01 6.4279947e-01 -1.2928829e+00 0.0000000e+00
9.0880 45.7984 201.0 -3.2356218e-01 -2.0225976e-01 -5.0302093e-01 1.6620898e-02 0.0000000e+00
10.0169 45.1442 45.0 2.0156032e-01 1.7033454e-01 -7.8715038e-01 -7.3673523e-01 0.0000000e+00
10.0056 45.1245 45.0 3.2127518e-01 3.0996513e-01 -5.3594367e-01 8.2171984e-01 0.0000000e+00
10.0070 45.1331 45.0 2.0685608e-01 2.2334192e-01 -4.2819978e-01 -1.1542699e+00 0.0000000e+00
10.0324 45.1176 45.0 1.3791759e-01 1.7178752e-01 4.6500805e-01 -2.7967279e-01 0.0000000e+00
10.0037 45.1340 45.0 1.2751908e-01 2.3085877e-01 -1.7177438e-01 1.2908941e+00 0.0000000e+00
7.5607 44.3779 534.0 6.7851657e-01 7.7817436e-01 -1.3715520e+00 -3.9738494e-01 0.0000000e+00
7.5632 44.3800 534.0 7.0643904e-01 6.5085777e-01 4.1749617e-01 9.9804402e-01 0.0000000e+00
7.5444 44.4026 534.0 8.2575961e-01 6.7778040e-01 -6.4465596e-01 4.5421648e-01 0.0000000e+00
7.5614 44.3680 534.0 7.8563165e-01 7.0254956e-01 -1.1779563e+00 6.6517667e-02 0.0000000e+00
7.5243 44.3876 534.0 6.4323456e-01 8.2258834e-01 -1.7804506e-01 8.2995671e-01 0.0000000e+00
13.7194 43.1628 319.0 1.6476393e+00 1.6860752e+00 -1.1102344e+00 8.0128788e-01 0.0000000e+00
13.7234 43.1488 319.0 1.7715683e+00 1.8260419e+00 5.6079822e-02 -1.2508372e+00 0.0000000e+00
13.7271 43.1468 319.0 1.7555323e+00 1.6888700e+00 1.2200667e+00 1.6361355e-01 0.0000000e+00
13.7116 43.1515 319.0 1.7929354e+00 1.8261010e+00 4.7454473e-02 1.2618506e+00 0.0000000e+00
13.7224 43.1482 319.0 1.7174371e+00 1.7679502e+00 1.3032712e+00 6.4558329e-01 0.0000000e+00
11.6240 44.8160 9.0 4.2763088e-01 4.3913481e-01 8.1849665e-01 1.8787477e-01 0.0000000e+00
11.6444 44.8451 9.0 4.1236418e-01 4.7216169e-01 1.0255843e+00 3.7278256e-03 0.0000000e+00
11.5799 44.8394 9.0 4.7761515e-01 5.1814386e-01 -1.7925403e-01 -5.5094620e-01 0.0000000e+00
11.6114 44.8099 9.0 4.4049634e-01 5.3853118e-01 -9.1727831e-01 -8.8606827e-01 0.0000000e+00
11.6489 44.8229 9.0 5.2059664e-01 5.1052418e-01 -7.7310437e-01 2.4430472e-02 0.0000000e+00
12.0252 44.2291 34.0 9.0703411e-01 9.3236258e-01 6.0660047e-01 -3.2228528e-01 0.0000000e+00
12.0429 44.2243 34.0 9.8397886e-01 9.1852739e-01 3.4729926e-01 6.4609773e-01 0.0000000e+00
12.0763 44.2051 34.0 9.3748149e-01 1.0188509e+00 -5.0321567e-01 -5.5151443e-01 0.0000000e+00
12.0164 44.2279 34.0 8.2833618e-01 9.8572517e-01 -7.6176540e-01 -5.6091902e-01 0.0000000e+00
12.0375 44.2137 34.0 1.0181744e+00 1.0162543e+00 1.5884303e-01 1.0173860e+00 0.0000000e+00
8.9663 44.3959 19.0 6.6029795e-01 7.2657209e-01 -7.3671582e-01 8.2169925e-01 0.0000000e+00
8.9074 44.4224 19.0 6.8512409e-01 7.9302352e-01 -8.4884238e-01 -3.4520924e-01 0.0000000e+00
8.9804 44.3828 19.0 6.8181268e-01 8.3453977e-01 8.4103253e-01 -4.9514240e-01 0.0000000e+00
8.9886 44.4226 19.0 7.3705840e-01 8.1183683e-01 -1.2269065e+00 -1.8846146e-01 0.0000000e+00
8.9375 44.3952 19.0 8.0537296e-01 6.6050714e-01 -4.5730054e-01 -9.2924680e-01 0.0000000e+00
13.4019 42.3571 714.0 2.2951219e+00 2.3616303e+00 -9.8007673e-01 2.8974809e-01 0.0000000e+00
13.4072 42.3603 714.0 2.2198437e+00 2.3523579e+00 -1.1244290e-01 -1.3382324e+00 0.0000000e+00
13.3937 42.3351 714.0 2.2746855e+00 2.2939683e+00 -9.8082498e-01 -2.6667577e-01 0.0000000e+00
13.4069 42.3401 714.0 2.2842045e+00 2.3612082e+00 1.1592658e+00 5.5998393e-02 0.0000000e+00
13.4060 42.3556 714.0 2.2258015e+00 2.3296935e+00 5.0427890e-01 4.2187582e-01 0.0000000e+00
9.4953 45.3054 87.0 4.6019984e-02 1.1522499e-01 1.2712144e+00 7.5138770e-02 0.0000000e+00
9.5044 45.3196 87.0 6.1633752e-02 6.3935317e-02 -1.6091619e-01 -5.2589452e-01 0.0000000e+00
9.4874 45.3117 87.0 3.4220305e-02 3.9853142e-03 7.6045231e-01 1.1898423e+00 0.0000000e+00
9.4917 45.3125 87.0 3.1776670e-02 5.2134439e-02 -4.2093968e-01 3.2117101e-01 0.0000000e+00
9.5065 45.3188 87.0 1.3289571e-01 2.3772459e-02 8.8881800e-01 -8.1921461e-01 0.0000000e+00
13.4493 43.2882 315.0 1.5388842e+00 1.6779999e+00 3.8443678e-01 4.0698508e-01 0.0000000e+00
13.4571 43.2884 315.0 1.6130995e+00 1.6386552e+00 -1.0903310e-01 -1.1433917e+00 0.0000000e+00
13.4540 43.3002 315.0 1.5967412e+00 1.6676227e+00 9.6560755e-01 -3.3974391e-01 0.0000000e+00
13.4675 43.2952 315.0 1.5851291e+00 1.6241961e+00 1.4534563e+00 1.5826908e-01 0.0000000e+00
13.4427 43.2897 315.0 1.6776285e+00 1.5659089e+00 -1.8042093e-01 5.2967825e-01 0.0000000e+00
10.8016 45.1634 19.0 2.1339779e-01 1.3151577e-01 -1.1898234e-01 1.0254570e+00 0.0000000e+00
10.7913 45.1698 19.0 1.4229778e-01 2.1207633e-01 3.9299883e-01 1.0632724e+00 0.0000000e+00
10.7848 45.1571 19.0 2.3816693e-01 1.7858257e-01 4.5597241e-01 7.4894686e-01 0.0000000e+00
10.7716 45.1558 19.0 1.5458778e-01 2.4480597e-01 -5.5835269e-01 1.1779473e+00 0.0000000e+00
10.7863 45.1410 19.0 3.1006164e-01 1.2747641e-01 1.1312791e+00 -3.6421428e-01 0.0000000e+00
9.1787 45.4063 122.0 -1.4236434e-02 6.3793176e-03 5.5278848e-01 9.8893386e-01 0.0000000e+00
9.1737 45.5008 122.0 5.4503532e-03 -1.5666070e-01 5.3225341e-01 -7.2503166e-01 0.0000000e+00
9.1404 45.4625 122.0 6.0470174e-02 -2.4817947e-02 -1.7948663e-01 6.5433866e-01 0.0000000e+00
9.1498 45.4715 122.0 -7.1239982e-02 -2.1266370e-02 4.3666448e-01 2.4393154e-01 0.0000000e+00
9.2240 45.4404 122.0 -1.5088734e-02 -2.3098590e-02 -8.4089187e-01 -9.5207933e-01 0.0000000e+00
10.9131 44.6732 34.0 6.4930334e-01 4.6757578e-01 6.8183633e-01 -1.3156718e+00 0.0000000e+00
10.9623 44.6588 34.0 5.8249845e-01 4.9289861e-01 -8.9198915e-01 -8.5623359e-01 0.0000000e+00
10.9578 44.6443 34.0 6.1886038e-01 5.1539782e-01 -3.9177617e-01 -8.3138823e-01 0.0000000e+00
10.9515 44.6639 34.0 5.3764852e-01 5.7986034e-01 -1.7338752e-01 -5.2635197e-01 0.0000000e+00
10.9144 44.6573 34.0 6.3204181e-01 6.7187877e-01 5.1417327e-01 6.3835624e-01 0.0000000e+00
9.2680 45.5953 162.0 -3.7399860e-02 -5.7062342e-02 9.0074762e-01 1.6495635e-01 0.0000000e+00
9.3066 45.5944 162.0 -1.3256283e-01 -2.0498145e-01 -1.0406159e-01 5.3842076e-01 0.0000000e+00
9.2780 45.5662 162.0 -1.9812438e-01 -2.5675212e-02 -5.5155044e-01 -6.0637562e-01 0.0000000e+00
9.2773 45.5989 162.0 -1.1278258e-01 -6.2501479e-02 -8.9569783e-02 -1.1602719e+00 0.0000000e+00
9.2802 45.5875 162.0 -8.1880861e-02 -2.0499422e-01 4.4204716e-01 3.4267941e-01 0.0000000e+00
8.6411 45.4601 162.0 2.6176328e-02 -3.0388097e-02 -6.5016214e-01 -3.5874063e-01 0.0000000e+00
8.6229 45.4282 162.0 7.3356794e-02 1.7205935e-02 -1.6188446e-01 5.9634284e-01 0.0000000e+00
8.6057 45.4453 162.0 -7.7325929e-02 3.5972996e-02 -5.7351385e-01 8.4096022e-01 0.0000000e+00
8.6348 45.4372 162.0 -9.9642112e-02 -7.2573429e-02 1.2357661e+00 9.2044622e-02 0.0000000e+00
8.5976 45.4604 162.0 -7.8024576e-02 -6.3996593e-02 7.0749393e-01 -1.0507276e+00 0.0000000e+00
11.9235 45.4049 12.0 4.1899206e-02 1.4889240e-01 -2.9535447e-01 -1.0147700e+00 0.0000000e+00
11.9178 45.3898 12.0 1.1937511e-01 9.9152585e-02 1.3541662e+00 1.1529724e-01 0.0000000e+00
11.8902 45.4420 12.0 1.2373689e-01 -2.0215586e-02 -6.3088557e-01 -1.3488063e+00 0.0000000e+00
11.8621 45.4354 12.0 6.0927641e-02 -5.0453930e-02 -1.2446082e+00 7.1673503e-01 0.0000000e+00
11.8778 45.3952 12.0 2.4339151e-02 -3.0419432e-02 1.5561059e-02 1.3431456e+00 0.0000000e+00
10.3426 44.8139 57.0 5.3474424e-01 4.6924552e-01 3.1471205e-01 -5.0874872e-01 0.0000000e+00
10.3408 44.7765 57.0 5.2597911e-01 5.6638083e-01 8.7880253e-03 6.0165488e-01 0.0000000e+00
10.2921 44.8011 57.0 4.0216589e-01 5.0456568e-01 9.5787209e-01 -4.5060733e-01 0.0000000e+00
10.3369 44.8310 57.0 5.2868573e-01 4.3994645e-01 -1.1720726e+00 3.1709447e-01 0.0000000e+00
10.3547 44.8255 57.0 4.8295977e-01 5.1922420e-01 1.6827184e-01 8.1584448e-01 0.0000000e+00
9.1752 45.1899 77.0 2.5487475e-01 1.7342519e-01 -1.6706674e-02 5.9855606e-01 0.0000000e+00
9.1695 45.1720 77.0 1.5914869e-01 9.6186601e-02 2.6360542e-01 -6.0826856e-01 0.0000000e+00
9.1284 45.1883 77.0 1.6510514e-01 1.7747270e-01 3.5291442e-01 4.7145053e-01 0.0000000e+00
9.1369 45.1801 77.0 1.0374154e-01 1.0426526e-01 8.6658897e-01 -2.5680747e-01 0.0000000e+00
9.1270 45.1916 77.0 2.0091275e-01 2.5606779e-01 -4.6411036e-01 -5.9628167e-01 0.0000000e+00
12.3822 43.1268 493.0 1.6572838e+00 1.6383406e+00 1.0954956e+00 3.9757608e-01 0.0000000e+00
12.3462 43.0999 493.0 1.8192718e+00 1.7410493e+00 7.2353600e-01 9.2540264e-01 0.0000000e+00
12.4088 43.1090 493.0 1.6394797e+00 1.8091708e+00 -3.8331426e-01 7.6179691e-01 0.0000000e+00
12.3608 43.1387 493.0 1.7001789e+00 1.6091528e+00 -1.2907376e+00 4.4595517e-02 0.0000000e+00
12.3866 43.1092 493.0 1.6988068e+00 1.7324164e+00 -1.4670014e-01 6.1397752e-01 0.0000000e+00
12.9328 43.9286 11.0 1.1734358e+00 1.0689990e+00 9.9670358e-01 2.1441145e-01 0.0000000e+00
12.9361 43.8988 11.0 1.2291681e+00 1.0824787e+00 6.6744362e-01 4.0039636e-01 0.0000000e+00
12.9060 43.8998 11.0 1.1186317e+00 1.2168080e+00 -3.4998013e-01 7.7240372e-01 0.0000000e+00
12.8989 43.9064 11.0 1.1003403e+00 1.1133737e+00 6.3801135e-01 -1.0626975e+00 0.0000000e+00
12.8848 43.9008 11.0 1.1027909e+00 1.2280870e+00 -1.7302739e-01 -7.7741222e-01 0.0000000e+00
14.2081 42.4630 4.0 2.1535703e+00 2.1816480e+00 4.9281141e-02 1.2223798e+00 0.0000000e+00
14.1819 42.4609 4.0 2.2919522e+00 2.2988083e+00 8.9142987e-01 1.1606193e+00 0.0000000e+00
14.1844 42.4547 4.0 2.3166583e+00 2.3194717e+00 -2.9873230e-01 -8.5306140e-01 0.0000000e+00
14.2300 42.4526 4.0 2.2491003e+00 2.3282971e+00 -1.0717574e+00 -9.2066969e-02 0.0000000e+00
14.2049 42.4734 4.0 2.2407235e+00 2.1892413e+00 -6.8974436e-01 -1.1309010e+00 0.0000000e+00
9.6734 45.0473 61.0 3.0846895e-01 3.2718956e-01 -1.9326602e-01 -4.7352555e-01 0.0000000e+00
9.6900 45.0289 61.0 3.7566837e-01 3.3006205e-01 6.3026512e-01 -4.5219556e-01 0.0000000e+00
9.7174 45.0454 61.0 2.2839152e-01 3.4591574e-01 -8.4469995e-01 -1.9541355e-01 0.0000000e+00
9.6711 45.0730 61.0 3.1761089e-01 1.8850216e-01 1.4426002e+00 3.4875534e-01 0.0000000e+00
9.7066 45.0544 61.0 3.6629656e-01 2.6096746e-01 2.6742615e-01 -8.3156214e-01 0.0000000e+00
12.6880 45.9449 24.0 -2.8412779e-01 -3.4218006e-01 -1.2939798e+00 4.2693105e-01 0.0000000e+00
12.6983 45.9467 24.0 -3.4053850e-01 -3.1830925e-01 5.1995904e-01 9.5297801e-02 0.0000000e+00
12.6570 45.9740 24.0 -3.2173433e-01 -3.2369918e-01 5.4415760e-01 -2.9420496e-01 0.0000000e+00
12.6396 45.9541 24.0 -2.2354040e-01 -3.1738874e-01 6.2762162e-01 8.0033163e-01 0.0000000e+00
12.6493 45.9286 24.0 -2.1290633e-01 -2.7502869e-01 -6.4014383e-01 1.0257336e+00 0.0000000e+00
12.1984 44.4308 6.0 6.6827412e-01 8.0855336e-01 -2.5397282e-01 -7.9906359e-01 0.0000000e+00
12.1783 44.4265 6.0 8.1048253e-01 7.0269321e-01 -7.1305667e-01 -2.4044095e-01 0.0000000e+00
12.2037 44.4251 6.0 7.3748168e-01 7.7250842e-01 8.9735987e-01 5.7252961e-01 0.0000000e+00
12.2282 44.4120 6.0 7.3165305e-01 7.4064617e-01 -5.2041844e-01 -1.3228015e+00 0.0000000e+00
12.2063 44.4245 6.0 7.2816942e-01 8.4673536e-01 5.1349415e-01 9.5660480e-01 0.0000000e+00
10.6681 44.6904 58.0 4.5887721e-01 5.7278788e-01 5.5432044e-01 6.4377408e-01 0.0000000e+00
10.5866 44.6946 58.0 4.9871596e-01 6.1008849e-01 3.8978442e-01 -1.1800875e+00 0.0000000e+00
10.6457 44.7134 58.0 5.7296464e-01 4.5176547e-01 -6.4047062e-01 3.8763864e-01 0.0000000e+00
10.6052 44.6823 58.0 5.9728177e-01 4.7150599e-01 4.6719507e-01 6.6340605e-01 0.0000000e+00
10.6677 44.6814 58.0 5.9170587e-01 6.1311293e-01 2.0842007e-01 -6.2617763e-01 0.0000000e+00
12.8650 42.4088 405.0 2.3444473e+00 2.1939645e+00 -9.8606067e-01 -4.6438180e-01 0.0000000e+00
12.8588 42.4056 405.0 2.2968172e+00 2.3139663e+00 -4.0195760e-01 -6.8945316e-01 0.0000000e+00
12.8669 42.3905 405.0 2.2283759e+00 2.3125485e+00 2.2056734e-01 1.1260728e+00 0.0000000e+00
12.8564 42.3872 405.0 2.2091269e+00 2.2135839e+00 7.1406391e-01 -1.1419939e+00 0.0000000e+00
12.8670 42.4123 405.0 2.2396652e+00 2.2427520e+00 -7.7223216e-01 -2.6168182e-01 0.0000000e+00
12.5884 44.0773 5.0 9.9211577e-01 1.0042374e+00 -1.2253698e+00 2.7230279e-01 0.0000000e+00
12.5611 44.0836 5.0 9.5605345e-01 1.0861994e+00 5.4869500e-01 -8.4865285e-01 0.0000000e+00
12.5559 44.0888 5.0 1.0131163e+00 9.7030260e-01 7.1019720e-01 8.0000129e-01 0.0000000e+00
12.5769 44.0574 5.0 1.1148747e+00 1.0486215e+00 5.3280197e-01 -4.0342596e-01 0.0000000e+00
12.5784 44.0899 5.0 1.0308752e+00 1.1083246e+00 -1.4569003e-01 1.2310468e+00 0.0000000e+00
11.7657 45.0640 5.0 2.5251851e-01 3.5467137e-01 -1.4644495e+00 -3.2058110e-02 0.0000000e+00
11.7717 45.0643 5.0 2.5607589e-01 2.0335232e-01 3.2311530e-02 5.0193901e-01 0.0000000e+00
11.7995 45.0549 5.0 2.8849299e-01 3.4751638e-01 9.4225507e-01 2.0290874e-01 0.0000000e+00
11.8106 45.0714 5.0 2.7051269e-01 2.3480428e-01 -6.7818169e-02 -1.2934771e+00 0.0000000e+00
11.7828 45.0816 5.0 2.2683422e-01 2.5392409e-01 -2.4438681e-01 4.7039607e-01 0.0000000e+00
8.4605 44.3019 4.0 7.7356952e-01 8.1516427e-01 -1.3202377e+00 2.5556854e-01 0.0000000e+00
8.4934 44.3104 4.0 8.7561725e-01 7.9487743e-01 5.7929474e-01 2.5156437e-01 0.0000000e+00
8.4919 44.3156 4.0 7.9473920e-01 7.5827656e-01 -9.8000735e-01 4.6075055e-01 0.0000000e+00
8.4897 44.3145 4.0 7.2793714e-01 8.9187309e-01 -1.2708167e+00 1.7789226e-01 0.0000000e+00
8.4866 44.3084 4.0 6.9907559e-01 8.6633417e-01 1.1111187e+00 -1.1961426e-01 0.0000000e+00
13.6839 42.6600 265.0 2.0607860e+00 2.0704633e+00 -5.1737375e-01 -1.3703749e+00 0.0000000e+00
13.6858 42.6547 265.0 1.9976177e+00 2.1026560e+00 -1.2473215e+00 -1.6014848e-01 0.0000000e+00
13.6866 42.6535 265.0 2.1236870e+00 2.0434929e+00 1.3503509e-01 -1.4020391e+00 0.0000000e+00
13.7101 42.6549 265.0 2.1303596e+00 2.0729270e+00 -4.0090004e-01 -5.4599157e-01 0.0000000e+00
13.6973 42.6526 265.0 2.0351528e+00 2.0572191e+00 5.2948030e-01 6.4636437e-01 0.0000000e+00
12.6711 42.5642 130.0 2.1184823e+00 2.2210585e+00 1.1963405e-02 5.7429768e-01 0.0000000e+00
7.7035 45.1133 239.0 1.8766233e-01 1.5981288e-01 -1.3864431e-01 -1.0869884e+00 0.0000000e+00
7.7429 45.0700 239.0 2.4429888e-01 1.9111681e-01 -1.1980842e-01 7.2534252e-01 0.0000000e+00
7.6573 45.1201 239.0 3.0121284e-01 2.6683393e-01 6.3289743e-01 3.2162750e-01 0.0000000e+00
7.6927 45.0323 239.0 2.9910771e-01 3.0644027e-01 -7.0962564e-01 1.0224380e+00 0.0000000e+00
7.6692 45.0738 239.0 2.9967510e-01 3.2353282e-01 -5.4744979e-01 -1.2671376e+00 0.0000000e+00
12.2575 45.6469 15.0 -1.5646365e-01 -1.8070639e-01 8.3211242e-01 6.8050527e-01 0.0000000e+00
12.2448 45.6816 15.0 -6.2100255e-02 -8.5079524e-02 1.1033063e+00 5.7284492e-01 0.0000000e+00
12.2406 45.6890 15.0 -1.1687841e-01 -1.6207902e-01 2.7124795e-01 5.4837344e-01 0.0000000e+00
12.2138 45.6638 15.0 -9.6844065e-02 -2.0349671e-01 -2.1304198e-01 -1.2871444e+00 0.0000000e+00
12.2401 45.6714 15.0 -8.9697203e-02 -1.3480023e-01 -1.1083555e+00 -4.1267937e-02 0.0000000e+00
13.7800 45.6488 2.0 2.9193997e-02 -9.8743358e-02 1.3008242e+00 -6.4030045e-01 0.0000000e+00
13.7585 45.6499 2.0 -5.6993069e-02 -6.4147162e-02 1.0097735e+00 5.1498454e-01 0.0000000e+00
13.7981 45.6720 2.0 -2.5254165e-02 3.7553118e-03 -3.1469790e-01 5.1590265e-01 0.0000000e+00
13.7943 45.6454 2.0 -2.5550566e-02 -1.4262047e-01 -4.5953826e-01 -5.3533376e-01 0.0000000e+00
13.7739 45.6289 2.0 1.2294826e-02 4.3904844e-02 -5.4905775e-01 -1.3810178e-01 0.0000000e+00
13.2460 46.0693 113.0 -4.5529429e-01 -3.5229330e-01 6.3920926e-01 -7.7438506e-02 0.0000000e+00
13.2453 46.0313 113.0 -2.9286587e-01 -3.6270249e-01 6.1965790e-01 -1.0960229e+00 0.0000000e+00
13.2706 46.0598 113.0 -3.2851477e-01 -3.6591300e-01 8.2018895e-01 1.1169942e-03 0.0000000e+00
13.2269 46.0478 113.0 -4.2757964e-01 -3.7446105e-01 9.4553441e-01 8.6039183e-01 0.0000000e+00
13.2270 46.0832 113.0 -2.9651231e-01 -4.4243422e-01 3.8135209e-01 -6.0895919e-01 0.0000000e+00
12.3344 45.4681 1.0 2.6844971e-02 2.2297901e-02 4.2743041e-01 3.4443884e-01 0.0000000e+00
12.2874 45.3875 1.0 8.8787259e-02 -3.0579801e-03 -4.5635690e-01 2.3198080e-01 0.0000000e+00
12.2536 45.3957 1.0 1.6581480e-01 1.5965510e-01 1.5504095e-02 -1.2693565e+00 0.0000000e+00
12.3073 45.4105 1.0 5.1430758e-02 5.5758129e-02 3.8361422e-01 7.0360461e-01 0.0000000e+00
12.2688 45.4928 1.0 -9.2644898e-02 -8.1875549e-02 8.3749070e-01 -1.2018661e+00 0.0000000e+00
8.4039 45.3167 130.0 1.1685009e-01 2.1771814e-02 -2.2303431e-02 -1.4842276e+00 0.0000000e+00
8.4269 45.3218 130.0 -8.9030457e-03 1.2581653e-01 1.0862575e+00 9.3395820e-01 0.0000000e+00
8.4081 45.3193 130.0 7.9501263e-03 1.4198239e-01 3.2554094e-01 7.7593126e-01 0.0000000e+00
8.4328 45.3225 130.0 1.0780623e-01 1.3280554e-01 1.2242985e+00 -6.1141544e-01 0.0000000e+00
8.4171 45.3294 130.0 -2.7950762e-02 1.4504863e-01 -8.5892838e-01 4.4496030e-01 0.0000000e+00
10.9972 45.4301 59.0 3.1491238e-02 9.6620687e-02 6.1243754e-02 -9.2388465e-01 0.0000000e+00
10.9755 45.4313 59.0 3.9270974e-02 -2.6742059e-02 6.4032788e-01 2.0095248e-01 0.0000000e+00
10.9658 45.4104 59.0 9.1509449e-02 -3.2883668e-02 2.9155678e-01 4.9830537e-01 0.0000000e+00
10.9461 45.4274 59.0 6.8902411e-02 4.4471345e-02 -1.6899852e-01 -6.6348647e-01 0.0000000e+00
11.0070 45.4607 59.0 6.2179639e-02 -9.3226154e-02 6.2436100e-01 9.2374505e-01 0.0000000e+00
11.5152 45.5586 39.0 -3.1511888e-03 -1.0569707e-01 7.2810549e-01 -6.5622453e-01 0.0000000e+00
11.5464 45.5717 39.0 -1.8091903e-02 -1.4767905e-01 2.7955075e-02 -6.3112561e-01 0.0000000e+00
11.5604 45.5238 39.0 1.4862948e-03 -4.2216437e-02 -1.1956983e+00 1.7093136e-01 0.0000000e+00
11.5308 45.5205 39.0 -1.1241445e-01 -1.4473316e-02 -5.4291163e-01 6.6146159e-01 0.0000000e+00
11.5328 45.5638 39.0 2.4473857e-03 -5.3510053e-02 -9.5356896e-01 -1.9415907e-01 0.0000000e+00
