16.8946 41.1417 5.0 4.4509490e-01 4.3977039e-01 5.4805270e-01 1.2979623e+00 0.0000000e+00
16.8956 41.0967 5.0 3.0252968e-01 4.4339252e-01 6.5028077e-01 -2.1267928e-01 0.0000000e+00
16.8857 41.1107 5.0 4.1575143e-01 3.1564044e-01 -4.8905272e-01 -1.1042825e+00 0.0000000e+00
16.8906 41.1001 5.0 2.7002148e-01 4.1474959e-01 1.2081226e-02 -1.3558669e+00 0.0000000e+00
16.8963 41.1446 5.0 4.3409437e-01 4.0020176e-01 -1.3127895e+00 -6.6018589e-01 0.0000000e+00
16.2724 41.3260 15.0 1.4905990e+00 1.3778409e+00 -2.7628945e-01 -8.4506154e-01 0.0000000e+00
16.2892 41.3051 15.0 1.3318366e+00 1.3210928e+00 -2.2075946e-03 -1.2158179e+00 0.0000000e+00
16.2646 41.3050 15.0 1.4172779e+00 1.4137762e+00 -5.8965174e-01 -4.8451405e-01 0.0000000e+00
16.2780 41.3085 15.0 1.3567283e+00 1.3717300e+00 5.0275939e-01 3.6867891e-01 0.0000000e+00
16.2838 41.3070 15.0 1.5079315e+00 1.3107469e+00 -1.1001321e+00 -2.1755394e-01 0.0000000e+00
17.9313 40.6366 15.0 1.8789307e+00 1.8520219e+00 -7.3970634e-01 4.0623750e-02 0.0000000e+00
17.9337 40.6341 15.0 1.8824706e+00 1.9099911e+00 -2.4545358e-02 -9.2453672e-01 0.0000000e+00
17.9507 40.6247 15.0 1.9085669e+00 1.9851215e+00 -6.3541884e-01 -6.3003192e-02 0.0000000e+00
17.9582 40.6285 15.0 1.9164875e+00 1.9112687e+00 -7.5788876e-01 -4.9252117e-01 0.0000000e+00
17.9247 40.6417 15.0 2.0356830e+00 1.8786739e+00 2.5094324e-01 -1.0074606e+00 0.0000000e+00
15.5772 41.4686 76.0 3.1917319e-01 3.8128487e-01 -2.0340731e-01 4.6863548e-01 0.0000000e+00
15.5674 41.4486 76.0 4.0310194e-01 3.7157570e-01 1.2835153e-01 -1.2323505e+00 0.0000000e+00
15.5603 41.4670 76.0 2.9584221e-01 3.8811801e-01 -4.3149032e-02 1.0157568e+00 0.0000000e+00
15.5637 41.4732 76.0 3.0187636e-01 3.4120981e-01 3.9024807e-01 -4.2532335e-01 0.0000000e+00
15.5507 41.4555 76.0 4.6330227e-01 3.9484388e-01 -6.7926273e-01 5.9404569e-01 0.0000000e+00
18.1822 40.3467 49.0 -2.3842490e-01 -1.3468070e-01 4.6208346e-01 6.0206921e-01 0.0000000e+00
18.1648 40.3346 49.0 -2.9218306e-01 -1.0446941e-01 -3.5300393e-02 6.8281057e-01 0.0000000e+00
18.1778 40.3414 49.0 -2.7868672e-01 -2.0976006e-01 -6.1145352e-01 -6.3806020e-01 0.0000000e+00
18.1483 40.3515 49.0 -1.2053025e-01 -1.5322679e-01 -4.9724693e-01 8.0447562e-01 0.0000000e+00
18.1785 40.3637 49.0 -1.0666155e-01 -3.2315634e-02 2.8252598e-01 5.7841347e-01 0.0000000e+00
16.6016 40.6771 401.0 -1.5750457e-01 -1.1597238e-01 -2.2206135e-01 1.2596676e+00 0.0000000e+00
16.6155 40.6657 401.0 -3.4119372e-02 -1.9027489e-01 -9.8012822e-02 -5.9409924e-01 0.0000000e+00
16.6120 40.6768 401.0 -1.1589019e-01 -9.1061438e-02 -3.4102899e-01 5.7984450e-01 0.0000000e+00
16.6058 40.6806 401.0 -1.7280776e-02 -9.4058689e-02 2.2917218e-01 1.4354264e+00 0.0000000e+00
16.6021 40.6583 401.0 6.4829602e-01 7.5476749e-01 7.8754183e-01 -1.0399652e+00 0.0000000e+00
17.2833 40.4597 15.0 7.5857716e-01 6.5256026e-01 -1.7005665e-01 -1.0997384e+00 0.0000000e+00
17.2570 40.4686 15.0 7.5359445e-01 5.9689159e-01 -5.7552194e-01 -7.5760958e-01 0.0000000e+00
17.2699 40.4594 15.0 7.7235685e-01 7.4604117e-01 -6.5137465e-01 -9.2590461e-01 0.0000000e+00
17.2795 40.4619 15.0 7.9527504e-01 7.3872277e-01 -8.7555220e-01 -2.0011907e-01 0.0000000e+00
17.2775 40.4622 15.0 -1.2339978e-01 -4.1132712e-02 -1.1210862e-01 -6.5763160e-01 0.0000000e+00
